"area_fips","own_code","industry_code","agglvl_code","size_code","year","qtr","disclosure_code","area_title","own_title","industry_title","agglvl_title","size_title","annual_avg_estabs_count","annual_avg_emplvl","total_annual_wages","taxable_annual_wages","annual_contributions","annual_avg_wkly_wage","avg_annual_pay","lq_disclosure_code","lq_annual_avg_estabs_count","lq_annual_avg_emplvl","lq_total_annual_wages","lq_taxable_annual_wages","lq_annual_contributions","lq_annual_avg_wkly_wage","lq_avg_annual_pay","oty_disclosure_code","oty_annual_avg_estabs_count_chg","oty_annual_avg_estabs_count_pct_chg","oty_annual_avg_emplvl_chg","oty_annual_avg_emplvl_pct_chg","oty_total_annual_wages_chg","oty_total_annual_wages_pct_chg","oty_taxable_annual_wages_chg","oty_taxable_annual_wages_pct_chg","oty_annual_contributions_chg","oty_annual_contributions_pct_chg","oty_annual_avg_wkly_wage_chg","oty_annual_avg_wkly_wage_pct_chg","oty_avg_annual_pay_chg","oty_avg_annual_pay_pct_chg"
"01000","5","518","55","0","1999","A","","Alabama -- Statewide","Private","Data processing, hosting and related services","State, NAICS 3-digit -- by ownership sector","All establishment sizes",156,2683,145315284,0,0,1042,54158,"",0.53,0.43,0.47,0.00,0.00,1.09,1.09,"",10,6.8,-21,-0.8,50634677,53.5,0,0.0,0,0.0,369,54.8,19141,54.7
"01073","5","518","75","0","1999","A","","Jefferson County, Alabama","Private","Data processing, hosting and related services","County, NAICS 3-digit -- by ownership sector","All establishment sizes",30,1413,102684578,0,0,1398,72671,"",0.61,1.10,1.39,0.00,0.00,1.26,1.26,"",-2,-6.2,-51,-3.5,44660714,77.0,0,0.0,0,0.0,636,83.5,33035,83.3
"01089","5","518","75","0","1999","A","","Madison County, Alabama","Private","Data processing, hosting and related services","County, NAICS 3-digit -- by ownership sector","All establishment sizes",19,266,12341904,0,0,892,46369,"",0.99,0.53,0.40,0.00,0.00,0.76,0.76,"",1,5.6,55,26.1,2629240,27.1,0,0.0,0,0.0,9,1.0,428,0.9
"01097","5","518","75","0","1999","A","","Mobile County, Alabama","Private","Data processing, hosting and related services","County, NAICS 3-digit -- by ownership sector","All establishment sizes",15,289,7397477,0,0,493,25619,"",0.58,0.51,0.26,0.00,0.00,0.52,0.52,"",1,7.1,-90,-23.7,-2100053,-22.1,0,0.0,0,0.0,10,2.1,526,2.1
"01101","5","518","75","0","1999","A","","Montgomery County, Alabama","Private","Data processing, hosting and related services","County, NAICS 3-digit -- by ownership sector","All establishment sizes",15,163,4330472,0,0,510,26513,"",0.87,0.37,0.20,0.00,0.00,0.54,0.54,"",0,0.0,-39,-19.3,-334117,-7.2,0,0.0,0,0.0,66,14.9,3440,14.9
"01117","5","518","75","0","1999","A","","Shelby County, Alabama","Private","Data processing, hosting and related services","County, NAICS 3-digit -- by ownership sector","All establishment sizes",6,112,4766393,0,0,821,42716,"",0.70,0.72,0.57,0.00,0.00,0.79,0.79,"",0,0.0,1,0.9,337474,7.6,0,0.0,0,0.0,55,7.2,2876,7.2
"01125","5","518","75","0","1999","A","","Tuscaloosa County, Alabama","Private","Data processing, hosting and related services","County, NAICS 3-digit -- by ownership sector","All establishment sizes",5,34,998262,0,0,562,29217,"",0.48,0.13,0.08,0.00,0.00,0.58,0.58,"",1,25.0,12,54.5,258174,34.9,0,0.0,0,0.0,-80,-12.5,-4170,-12.5
"02000","5","518","55","0","1999","A","","Alaska -- Statewide","Private","Data processing, hosting and related services","State, NAICS 3-digit -- by ownership sector","All establishment sizes",34,373,12470884,0,0,644,33464,"",0.69,0.41,0.23,0.00,0.00,0.56,0.56,"",-6,-15.0,-32,-7.9,230220,1.9,0,0.0,0,0.0,62,10.7,3221,10.7
"02020","5","518","75","0","1999","A","","Anchorage Borough, Alaska","Private","Data processing, hosting and related services","County, NAICS 3-digit -- by ownership sector","All establishment sizes",20,331,11818534,0,0,687,35715,"",1.06,0.78,0.44,0.00,0.00,0.57,0.57,"",-9,-31.0,-42,-11.3,152629,1.3,0,0.0,0,0.0,85,14.1,4411,14.1
"04000","5","518","55","0","1999","A","","Arizona -- Statewide","Private","Data processing, hosting and related services","State, NAICS 3-digit -- by ownership sector","All establishment sizes",339,6128,381476515,0,0,1197,62252,"",1.15,0.85,0.98,0.00,0.00,1.15,1.15,"",63,22.8,994,19.4,111274311,41.2,0,0.0,0,0.0,185,18.3,9623,18.3
"04003","5","518","75","0","1999","A","","Cochise County, Arizona","Private","Data processing, hosting and related services","County, NAICS 3-digit -- by ownership sector","All establishment sizes",3,23,558659,0,0,465,24202,"",0.54,0.23,0.13,0.00,0.00,0.56,0.56,"",-1,-25.0,-41,-64.1,-2963703,-84.1,0,0.0,0,0.0,-602,-56.4,-31268,-56.4
"04013","5","518","75","0","1999","A","","Maricopa County, Arizona","Private","Data processing, hosting and related services","County, NAICS 3-digit -- by ownership sector","All establishment sizes",263,4405,210979745,0,0,921,47899,"",1.39,0.88,0.73,0.00,0.00,0.83,0.83,"",43,19.5,1050,31.3,45214622,27.3,0,0.0,0,0.0,-29,-3.1,-1517,-3.1
"04019","5","518","75","0","1999","A","","Pima County, Arizona","Private","Data processing, hosting and related services","County, NAICS 3-digit -- by ownership sector","All establishment sizes",37,1164,149854626,0,0,2475,128713,"",0.85,1.10,2.83,0.00,0.00,2.58,2.58,"",4,12.1,-55,-4.5,68951898,85.2,0,0.0,0,0.0,1199,94.0,62345,93.9
"04025","5","518","75","0","1999","A","","Yavapai County, Arizona","Private","Data processing, hosting and related services","County, NAICS 3-digit -- by ownership sector","All establishment sizes",5,13,414358,0,0,605,31470,"",0.45,0.08,0.07,0.00,0.00,0.79,0.79,"",1,25.0,5,62.5,173469,72.0,0,0.0,0,0.0,43,7.7,2271,7.8
"05000","5","518","55","0","1999","A","","Arkansas -- Statewide","Private","Data processing, hosting and related services","State, NAICS 3-digit -- by ownership sector","All establishment sizes",116,1480,63955393,0,0,831,43208,"",0.62,0.40,0.38,0.00,0.00,0.96,0.96,"",17,17.2,245,19.8,13966251,27.9,0,0.0,0,0.0,53,6.8,2728,6.7
"05031","5","518","75","0","1999","A","","Craighead County, Arkansas","Private","Data processing, hosting and related services","County, NAICS 3-digit -- by ownership sector","All establishment sizes",4,21,618815,0,0,564,29351,"",0.63,0.16,0.11,0.00,0.00,0.68,0.68,"",-1,-20.0,-9,-30.0,-208563,-25.2,0,0.0,0,0.0,34,6.4,1772,6.4
"05045","5","518","75","0","1999","A","","Faulkner County, Arkansas","Private","Data processing, hosting and related services","County, NAICS 3-digit -- by ownership sector","All establishment sizes",7,354,18211477,0,0,990,51481,"",1.53,3.26,3.67,0.00,0.00,1.13,1.13,"",1,16.7,72,25.5,7416257,68.7,0,0.0,0,0.0,253,34.3,13132,34.2
"05119","5","518","75","0","1999","A","","Pulaski County, Arkansas","Private","Data processing, hosting and related services","County, NAICS 3-digit -- by ownership sector","All establishment sizes",25,468,21994820,0,0,904,47014,"",0.75,0.58,0.52,0.00,0.00,0.90,0.90,"",2,8.7,48,11.4,2076298,10.4,0,0.0,0,0.0,-7,-0.8,-383,-0.8
"05143","5","518","75","0","1999","A","","Washington County, Arkansas","Private","Data processing, hosting and related services","County, NAICS 3-digit -- by ownership sector","All establishment sizes",11,88,2401509,0,0,524,27238,"",0.98,0.34,0.20,0.00,0.00,0.61,0.61,"",3,37.5,21,31.3,677498,39.3,0,0.0,0,0.0,27,5.4,1410,5.5
"06000","5","518","55","0","1999","A","","California -- Statewide","Private","Data processing, hosting and related services","State, NAICS 3-digit -- by ownership sector","All establishment sizes",3214,51560,4406738854,0,0,1644,85468,"",1.16,1.07,1.37,0.00,0.00,1.29,1.29,"",697,27.7,11160,27.6,2167772639,96.8,0,0.0,0,0.0,578,54.2,30049,54.2
"06001","5","518","75","0","1999","A","","Alameda County, California","Private","Data processing, hosting and related services","County, NAICS 3-digit -- by ownership sector","All establishment sizes",129,1582,115753284,0,0,1407,73181,"",1.09,0.70,0.71,0.00,0.00,1.01,1.01,"",31,31.6,150,10.5,23583076,25.6,0,0.0,0,0.0,169,13.7,8809,13.7
"06007","5","518","75","0","1999","A","","Butte County, California","Private","Data processing, hosting and related services","County, NAICS 3-digit -- by ownership sector","All establishment sizes",5,11,232446,0,0,394,20510,"",0.28,0.05,0.02,0.00,0.00,0.48,0.48,"",1,25.0,-1,-8.3,79804,52.3,0,0.0,0,0.0,146,58.9,7611,59.0
"06013","5","518","75","0","1999","A","","Contra Costa County, California","Private","Data processing, hosting and related services","County, NAICS 3-digit -- by ownership sector","All establishment sizes",83,2075,154726688,0,0,1434,74579,"",1.21,1.88,1.94,0.00,0.00,1.03,1.03,"",20,31.7,608,41.4,54488531,54.4,0,0.0,0,0.0,120,9.1,6231,9.1
"06019","5","518","75","0","1999","A","","Fresno County, California","Private","Data processing, hosting and related services","County, NAICS 3-digit -- by ownership sector","All establishment sizes",25,161,6579903,0,0,788,40996,"",0.36,0.15,0.14,0.00,0.00,0.93,0.93,"",4,19.0,-53,-24.8,-1892429,-22.3,0,0.0,0,0.0,27,3.5,1436,3.6
"06023","5","518","75","0","1999","A","","Humboldt County, California","Private","Data processing, hosting and related services","County, NAICS 3-digit -- by ownership sector","All establishment sizes",4,45,1632542,0,0,693,36012,"",0.28,0.27,0.23,0.00,0.00,0.85,0.85,"",-2,-33.3,3,7.1,637905,64.1,0,0.0,0,0.0,242,53.7,12563,53.6
"06037","5","518","75","0","1999","A","","Los Angeles County, California","Private","Data processing, hosting and related services","County, NAICS 3-digit -- by ownership sector","All establishment sizes",733,13215,664107217,0,0,966,50254,"",0.90,0.97,0.73,0.00,0.00,0.75,0.75,"",125,20.6,3008,29.5,220934350,49.9,0,0.0,0,0.0,131,15.7,6835,15.7
"06041","5","518","75","0","1999","A","","Marin County, California","Private","Data processing, hosting and related services","County, NAICS 3-digit -- by ownership sector","All establishment sizes",51,340,21262986,0,0,1204,62615,"",1.63,0.92,0.83,0.00,0.00,0.90,0.90,"",11,27.5,121,55.3,10786718,103.0,0,0.0,0,0.0,283,30.7,14705,30.7
"06053","5","518","75","0","1999","A","","Monterey County, California","Private","Data processing, hosting and related services","County, NAICS 3-digit -- by ownership sector","All establishment sizes",16,54,1714974,0,0,614,31906,"",0.54,0.10,0.06,0.00,0.00,0.63,0.63,"",1,6.7,2,3.8,699683,68.9,0,0.0,0,0.0,238,63.3,12350,63.2
"06055","5","518","75","0","1999","A","","Napa County, California","Private","Data processing, hosting and related services","County, NAICS 3-digit -- by ownership sector","All establishment sizes",8,50,3397764,0,0,1313,68297,"",0.67,0.25,0.32,0.00,0.00,1.26,1.26,"",2,33.3,15,42.9,2640195,348.5,0,0.0,0,0.0,895,214.1,46549,214.0
"06059","5","518","75","0","1999","A","","Orange County, California","Private","Data processing, hosting and related services","County, NAICS 3-digit -- by ownership sector","All establishment sizes",323,5654,299001603,0,0,1017,52879,"",1.48,1.26,1.00,0.00,0.00,0.80,0.80,"",43,15.4,658,13.2,60127690,25.2,0,0.0,0,0.0,98,10.7,5067,10.6
"06061","5","518","75","0","1999","A","","Placer County, California","Private","Data processing, hosting and related services","County, NAICS 3-digit -- by ownership sector","All establishment sizes",25,93,2460507,0,0,509,26481,"",1.21,0.28,0.13,0.00,0.00,0.47,0.47,"",6,31.6,17,22.4,468783,23.5,0,0.0,0,0.0,7,1.4,389,1.5
"06067","5","518","75","0","1999","A","","Sacramento County, California","Private","Data processing, hosting and related services","County, NAICS 3-digit -- by ownership sector","All establishment sizes",77,966,39012409,0,0,777,40386,"",0.72,0.52,0.33,0.00,0.00,0.65,0.65,"",4,5.5,-243,-20.1,-9647268,-19.8,0,0.0,0,0.0,3,0.4,149,0.4
"06071","5","518","75","0","1999","A","","San Bernardino County, California","Private","Data processing, hosting and related services","County, NAICS 3-digit -- by ownership sector","All establishment sizes",45,321,11154724,0,0,669,34786,"",0.51,0.19,0.13,0.00,0.00,0.68,0.68,"",4,9.8,50,18.5,1140153,11.4,0,0.0,0,0.0,-41,-5.8,-2157,-5.8
"06073","5","518","75","0","1999","A","","San Diego County, California","Private","Data processing, hosting and related services","County, NAICS 3-digit -- by ownership sector","All establishment sizes",253,2842,150009083,0,0,1015,52784,"",1.26,0.73,0.63,0.00,0.00,0.86,0.86,"",44,21.1,210,8.0,25007160,20.0,0,0.0,0,0.0,102,11.2,5285,11.1
"06075","5","518","75","0","1999","A","","San Francisco County, California","Private","Data processing, hosting and related services","County, NAICS 3-digit -- by ownership sector","All establishment sizes",237,4503,315824583,0,0,1349,70139,"",2.13,2.27,1.75,0.00,0.00,0.77,0.77,"",72,43.6,2144,90.9,178610680,130.2,0,0.0,0,0.0,230,20.6,11969,20.6
"06077","5","518","75","0","1999","A","","San Joaquin County, California","Private","Data processing, hosting and related services","County, NAICS 3-digit -- by ownership sector","All establishment sizes",15,357,6699978,0,0,361,18785,"",0.43,0.55,0.21,0.00,0.00,0.38,0.38,"",3,25.0,47,15.2,1111288,19.9,0,0.0,0,0.0,14,4.0,752,4.2
"06081","5","518","75","0","1999","A","","San Mateo County, California","Private","Data processing, hosting and related services","County, NAICS 3-digit -- by ownership sector","All establishment sizes",145,4430,479605303,0,0,2082,108255,"",2.26,3.69,4.38,0.00,0.00,1.19,1.19,"",52,55.9,2004,82.6,296921419,162.5,0,0.0,0,0.0,634,43.8,32950,43.8
"06083","5","518","75","0","1999","A","","Santa Barbara County, California","Private","Data processing, hosting and related services","County, NAICS 3-digit -- by ownership sector","All establishment sizes",25,645,37537037,0,0,1120,58242,"",0.74,1.12,1.22,0.00,0.00,1.09,1.09,"",1,4.2,-50,-7.2,199051,0.5,0,0.0,0,0.0,87,8.4,4550,8.5
"06085","5","518","75","0","1999","A","","Santa Clara County, California","Private","Data processing, hosting and related services","County, NAICS 3-digit -- by ownership sector","All establishment sizes",369,8487,1839541105,0,0,4168,216750,"",2.73,2.60,5.22,0.00,0.00,2.00,2.00,"",114,44.7,1864,28.1,1203386743,189.2,0,0.0,0,0.0,2321,125.7,120699,125.7
"06087","5","518","75","0","1999","A","","Santa Cruz County, California","Private","Data processing, hosting and related services","County, NAICS 3-digit -- by ownership sector","All establishment sizes",31,280,20247121,0,0,1390,72290,"",1.45,0.84,1.10,0.00,0.00,1.31,1.31,"",7,29.2,92,48.9,8601523,73.9,0,0.0,0,0.0,201,16.9,10455,16.9
"06097","5","518","75","0","1999","A","","Sonoma County, California","Private","Data processing, hosting and related services","County, NAICS 3-digit -- by ownership sector","All establishment sizes",26,271,23584903,0,0,1674,87056,"",0.61,0.44,0.67,0.00,0.00,1.53,1.53,"",3,13.0,54,24.9,12675940,116.2,0,0.0,0,0.0,707,73.1,36784,73.2
"06099","5","518","75","0","1999","A","","Stanislaus County, California","Private","Data processing, hosting and related services","County, NAICS 3-digit -- by ownership sector","All establishment sizes",12,76,2441000,0,0,622,32331,"",0.38,0.14,0.10,0.00,0.00,0.68,0.68,"",3,33.3,17,28.8,653989,36.6,0,0.0,0,0.0,37,6.3,1914,6.3
"06111","5","518","75","0","1999","A","","Ventura County, California","Private","Data processing, hosting and related services","County, NAICS 3-digit -- by ownership sector","All establishment sizes",58,595,29468636,0,0,952,49492,"",1.13,0.64,0.53,0.00,0.00,0.82,0.82,"",10,20.8,237,66.2,16123555,120.8,0,0.0,0,0.0,234,32.6,12163,32.6
"06113","5","518","75","0","1999","A","","Yolo County, California","Private","Data processing, hosting and related services","County, NAICS 3-digit -- by ownership sector","All establishment sizes",11,39,943390,0,0,463,24087,"",0.94,0.14,0.06,0.00,0.00,0.42,0.42,"",4,57.1,4,11.4,424826,81.9,0,0.0,0,0.0,175,60.8,9092,60.6
"08000","5","518","55","0","1999","A","","Colorado -- Statewide","Private","Data processing, hosting and related services","State, NAICS 3-digit -- by ownership sector","All establishment sizes",435,8696,404637479,0,0,895,46531,"",1.17,1.24,0.95,0.00,0.00,0.77,0.77,"",43,11.0,1856,27.1,79387821,24.4,0,0.0,0,0.0,-19,-2.1,-1020,-2.1
"08001","5","518","75","0","1999","A","","Adams County, Colorado","Private","Data processing, hosting and related services","County, NAICS 3-digit -- by ownership sector","All establishment sizes",17,236,8817464,0,0,718,37349,"",0.87,0.51,0.34,0.00,0.00,0.66,0.66,"",3,21.4,31,15.1,2809322,46.8,0,0.0,0,0.0,156,27.8,8100,27.7
"08005","5","518","75","0","1999","A","","Arapahoe County, Colorado","Private","Data processing, hosting and related services","County, NAICS 3-digit -- by ownership sector","All establishment sizes",76,2852,153088798,0,0,1032,53682,"",1.71,3.12,2.18,0.00,0.00,0.70,0.70,"",14,22.6,958,50.6,54806073,55.8,0,0.0,0,0.0,34,3.4,1790,3.4
"08013","5","518","75","0","1999","A","","Boulder County, Colorado","Private","Data processing, hosting and related services","County, NAICS 3-digit -- by ownership sector","All establishment sizes",44,966,41833665,0,0,833,43321,"",1.49,1.73,1.06,0.00,0.00,0.61,0.61,"",4,10.0,215,28.6,830289,2.0,0,0.0,0,0.0,-217,-20.7,-11265,-20.6
"08031","5","518","75","0","1999","A","","Denver County, Colorado","Private","Data processing, hosting and related services","County, NAICS 3-digit -- by ownership sector","All establishment sizes",105,1875,97504097,0,0,1000,52000,"",1.70,1.23,0.91,0.00,0.00,0.74,0.74,"",5,5.0,115,6.5,14006412,16.8,0,0.0,0,0.0,87,9.5,4545,9.6
"08035","5","518","75","0","1999","A","","Douglas County, Colorado","Private","Data processing, hosting and related services","County, NAICS 3-digit -- by ownership sector","All establishment sizes",22,597,21889394,0,0,705,36671,"",1.88,3.65,2.51,0.00,0.00,0.69,0.69,"",4,22.2,514,619.3,19306561,747.5,0,0.0,0,0.0,108,18.1,5615,18.1
"08041","5","518","75","0","1999","A","","El Paso County, Colorado","Private","Data processing, hosting and related services","County, NAICS 3-digit -- by ownership sector","All establishment sizes",38,711,31597138,0,0,855,44435,"",1.07,0.93,0.76,0.00,0.00,0.82,0.82,"",7,22.6,162,29.5,3251304,11.5,0,0.0,0,0.0,-138,-13.9,-7205,-14.0
"08059","5","518","75","0","1999","A","","Jefferson County, Colorado","Private","Data processing, hosting and related services","County, NAICS 3-digit -- by ownership sector","All establishment sizes",51,1063,38306190,0,0,693,36022,"",1.21,1.55,0.92,0.00,0.00,0.59,0.59,"",3,6.2,-156,-12.8,-15526133,-28.8,0,0.0,0,0.0,-156,-18.4,-8124,-18.4
"08067","5","518","75","0","1999","A","","La Plata County, Colorado","Private","Data processing, hosting and related services","County, NAICS 3-digit -- by ownership sector","All establishment sizes",5,30,753455,0,0,479,24908,"",0.99,0.44,0.26,0.00,0.00,0.59,0.59,"",-2,-28.6,-1,-3.2,134510,21.7,0,0.0,0,0.0,96,25.1,4996,25.1
"08069","5","518","75","0","1999","A","","Larimer County, Colorado","Private","Data processing, hosting and related services","County, NAICS 3-digit -- by ownership sector","All establishment sizes",20,172,3946757,0,0,441,22946,"",0.97,0.45,0.20,0.00,0.00,0.43,0.43,"",3,17.6,19,12.4,719203,22.3,0,0.0,0,0.0,35,8.6,1839,8.7
"09000","5","518","55","0","1999","A","","Connecticut -- Statewide","Private","Data processing, hosting and related services","State, NAICS 3-digit -- by ownership sector","All establishment sizes",303,4611,265806525,0,0,1108,57641,"",1.08,0.83,0.64,0.00,0.00,0.76,0.76,"",40,15.2,116,2.6,44259577,20.0,0,0.0,0,0.0,160,16.9,8350,16.9
"09001","5","518","75","0","1999","A","","Fairfield County, Connecticut","Private","Data processing, hosting and related services","County, NAICS 3-digit -- by ownership sector","All establishment sizes",98,1116,85095802,0,0,1467,76262,"",1.17,0.79,0.60,0.00,0.00,0.76,0.76,"",7,7.7,43,4.0,6724721,8.6,0,0.0,0,0.0,62,4.4,3223,4.4
"09003","5","518","75","0","1999","A","","Hartford County, Connecticut","Private","Data processing, hosting and related services","County, NAICS 3-digit -- by ownership sector","All establishment sizes",62,1517,76484945,0,0,970,50430,"",0.96,0.91,0.63,0.00,0.00,0.70,0.70,"",-1,-1.6,-53,-3.4,4396087,6.1,0,0.0,0,0.0,87,9.9,4516,9.8
"09009","5","518","75","0","1999","A","","New Haven County, Connecticut","Private","Data processing, hosting and related services","County, NAICS 3-digit -- by ownership sector","All establishment sizes",37,1171,47921410,0,0,787,40909,"",0.64,0.96,0.61,0.00,0.00,0.63,0.63,"",3,8.8,88,8.1,11372600,31.1,0,0.0,0,0.0,138,21.3,7161,21.2
"10000","5","518","55","0","1999","A","","Delaware -- Statewide","Private","Data processing, hosting and related services","State, NAICS 3-digit -- by ownership sector","All establishment sizes",40,2394,150298570,0,0,1207,62779,"",0.64,1.78,1.79,0.00,0.00,1.01,1.01,"",6,17.6,59,2.5,13898788,10.2,0,0.0,0,0.0,84,7.5,4372,7.5
"10003","5","518","75","0","1999","A","","New Castle County, Delaware","Private","Data processing, hosting and related services","County, NAICS 3-digit -- by ownership sector","All establishment sizes",33,2376,149428509,0,0,1210,62900,"",0.77,2.50,2.29,0.00,0.00,0.92,0.92,"",5,17.9,54,2.3,13760446,10.1,0,0.0,0,0.0,86,7.7,4475,7.7
"11000","5","518","55","0","1999","A","","District of Columbia","Private","Data processing, hosting and related services","State, NAICS 3-digit -- by ownership sector","All establishment sizes",136,2135,120393673,0,0,1085,56401,"",1.99,1.05,0.66,0.00,0.00,0.63,0.63,"",48,54.5,332,18.4,25617510,27.0,0,0.0,0,0.0,74,7.3,3835,7.3
"11001","5","518","75","0","1999","A","","District of Columbia","Private","Data processing, hosting and related services","County, NAICS 3-digit -- by ownership sector","All establishment sizes",136,2135,120393673,0,0,1085,56401,"",1.99,1.05,0.66,0.00,0.00,0.63,0.63,"",48,54.5,332,18.4,25617510,27.0,0,0.0,0,0.0,74,7.3,3835,7.3
"12000","5","518","55","0","1999","A","","Florida -- Statewide","Private","Data processing, hosting and related services","State, NAICS 3-digit -- by ownership sector","All establishment sizes",1265,22841,1173381076,0,0,988,51372,"",1.10,1.00,1.00,0.00,0.00,1.00,1.00,"",224,21.5,2255,11.0,309824682,35.9,0,0.0,0,0.0,181,22.4,9424,22.5
"12009","5","518","75","0","1999","A","","Brevard County, Florida","Private","Data processing, hosting and related services","County, NAICS 3-digit -- by ownership sector","All establishment sizes",25,180,7369423,0,0,786,40866,"",0.91,0.31,0.24,0.00,0.00,0.76,0.77,"",4,19.0,14,8.4,1057669,16.8,0,0.0,0,0.0,56,7.7,2920,7.7
"12011","5","518","75","0","1999","A","","Broward County, Florida","Private","Data processing, hosting and related services","County, NAICS 3-digit -- by ownership sector","All establishment sizes",154,2249,122656596,0,0,1049,54528,"",1.21,1.08,1.06,0.00,0.00,0.99,0.99,"",36,30.5,113,5.3,22969771,23.0,0,0.0,0,0.0,152,16.9,7865,16.9
"12021","5","518","75","0","1999","A","","Collier County, Florida","Private","Data processing, hosting and related services","County, NAICS 3-digit -- by ownership sector","All establishment sizes",10,18,1051042,0,0,1098,57070,"",0.44,0.06,0.07,0.00,0.00,1.17,1.17,"",0,0.0,0,0.0,175057,20.0,0,0.0,0,0.0,158,16.8,8178,16.7
"12031","5","518","75","0","1999","A","","Duval County, Florida","Private","Data processing, hosting and related services","County, NAICS 3-digit -- by ownership sector","All establishment sizes",51,2909,239632793,0,0,1584,82365,"",1.00,2.09,3.09,0.00,0.00,1.48,1.48,"",3,6.2,-11,-0.4,128280220,115.2,0,0.0,0,0.0,851,116.1,44232,116.0
"12057","5","518","75","0","1999","A","","Hillsborough County, Florida","Private","Data processing, hosting and related services","County, NAICS 3-digit -- by ownership sector","All establishment sizes",92,4440,270171169,0,0,1170,60846,"",1.35,2.34,2.63,0.00,0.00,1.13,1.13,"",13,16.5,-244,-5.2,10642339,4.1,0,0.0,0,0.0,105,9.9,5443,9.8
"12061","5","518","75","0","1999","A","","Indian River County, Florida","Private","Data processing, hosting and related services","County, NAICS 3-digit -- by ownership sector","All establishment sizes",7,28,742512,0,0,519,27000,"",0.77,0.20,0.12,0.00,0.00,0.58,0.58,"",0,0.0,10,55.6,307226,70.6,0,0.0,0,0.0,56,12.1,2929,12.2
"12071","5","518","75","0","1999","A","","Lee County, Florida","Private","Data processing, hosting and related services","County, NAICS 3-digit -- by ownership sector","All establishment sizes",18,41,1559896,0,0,741,38516,"",0.58,0.08,0.06,0.00,0.00,0.82,0.82,"",3,20.0,20,95.2,875700,128.0,0,0.0,0,0.0,99,15.4,5141,15.4
"12073","5","518","75","0","1999","A","","Leon County, Florida","Private","Data processing, hosting and related services","County, NAICS 3-digit -- by ownership sector","All establishment sizes",35,1089,41160279,0,0,727,37811,"",1.82,2.34,1.76,0.00,0.00,0.76,0.76,"",8,29.6,405,59.2,18194322,79.2,0,0.0,0,0.0,81,12.5,4219,12.6
"12081","5","518","75","0","1999","A","","Manatee County, Florida","Private","Data processing, hosting and related services","County, NAICS 3-digit -- by ownership sector","All establishment sizes",12,65,1581730,0,0,467,24303,"",0.78,0.18,0.10,0.00,0.00,0.55,0.55,"",1,9.1,0,0.0,80723,5.4,0,0.0,0,0.0,23,5.2,1211,5.2
"12085","5","518","75","0","1999","A","","Martin County, Florida","Private","Data processing, hosting and related services","County, NAICS 3-digit -- by ownership sector","All establishment sizes",11,153,4808737,0,0,603,31361,"",0.99,0.94,0.62,0.00,0.00,0.65,0.65,"",4,57.1,33,27.5,363838,8.2,0,0.0,0,0.0,-110,-15.4,-5731,-15.5
"12086","5","518","75","0","1999","A","","Miami-Dade County, Florida","Private","Data processing, hosting and related services","County, NAICS 3-digit -- by ownership sector","All establishment sizes",194,2455,105288472,0,0,825,42896,"",1.05,0.77,0.58,0.00,0.00,0.76,0.76,"",18,10.2,121,5.2,9932107,10.4,0,0.0,0,0.0,39,5.0,2038,5.0
"12091","5","518","75","0","1999","A","","Okaloosa County, Florida","Private","Data processing, hosting and related services","County, NAICS 3-digit -- by ownership sector","All establishment sizes",10,228,10084989,0,0,851,44232,"",0.86,0.96,1.00,0.00,0.00,1.04,1.04,"",1,11.1,45,24.6,3341408,49.5,0,0.0,0,0.0,141,19.9,7298,19.8
"12095","5","518","75","0","1999","A","","Orange County, Florida","Private","Data processing, hosting and related services","County, NAICS 3-digit -- by ownership sector","All establishment sizes",93,2862,129540374,0,0,871,45267,"",1.43,1.45,1.24,0.00,0.00,0.85,0.85,"",10,12.0,342,13.6,28026576,27.6,0,0.0,0,0.0,96,12.4,4986,12.4
"12097","5","518","75","0","1999","A","","Osceola County, Florida","Private","Data processing, hosting and related services","County, NAICS 3-digit -- by ownership sector","All establishment sizes",6,10,237698,0,0,477,24803,"",0.75,0.06,0.04,0.00,0.00,0.61,0.61,"",1,20.0,3,42.9,34405,16.9,0,0.0,0,0.0,-102,-17.6,-5314,-17.6
"12099","5","518","75","0","1999","A","","Palm Beach County, Florida","Private","Data processing, hosting and related services","County, NAICS 3-digit -- by ownership sector","All establishment sizes",98,969,55031338,0,0,1092,56797,"",1.04,0.63,0.62,0.00,0.00,0.98,0.98,"",31,46.3,455,88.5,31899014,137.9,0,0.0,0,0.0,227,26.2,11829,26.3
"12101","5","518","75","0","1999","A","","Pasco County, Florida","Private","Data processing, hosting and related services","County, NAICS 3-digit -- by ownership sector","All establishment sizes",12,145,3520903,0,0,466,24213,"",0.77,0.60,0.36,0.00,0.00,0.59,0.59,"",3,33.3,13,9.8,928417,35.8,0,0.0,0,0.0,88,23.3,4561,23.2
"12103","5","518","75","0","1999","A","","Pinellas County, Florida","Private","Data processing, hosting and related services","County, NAICS 3-digit -- by ownership sector","All establishment sizes",79,710,25326646,0,0,686,35650,"",1.19,0.51,0.34,0.00,0.00,0.68,0.68,"",12,17.9,187,35.8,9677364,61.8,0,0.0,0,0.0,111,19.3,5752,19.2
"12105","5","518","75","0","1999","A","","Polk County, Florida","Private","Data processing, hosting and related services","County, NAICS 3-digit -- by ownership sector","All establishment sizes",9,55,2063591,0,0,718,37350,"",0.36,0.09,0.07,0.00,0.00,0.78,0.78,"",0,0.0,6,12.2,491301,31.2,0,0.0,0,0.0,99,16.0,5153,16.0
"12113","5","518","75","0","1999","A","","Santa Rosa County, Florida","Private","Data processing, hosting and related services","County, NAICS 3-digit -- by ownership sector","All establishment sizes",3,5,273385,0,0,1051,54677,"",0.58,0.06,0.08,0.00,0.00,1.34,1.34,"",-1,-25.0,-2,-28.6,43611,19.0,0,0.0,0,0.0,420,66.6,21852,66.6
"12115","5","518","75","0","1999","A","","Sarasota County, Florida","Private","Data processing, hosting and related services","County, NAICS 3-digit -- by ownership sector","All establishment sizes",32,96,3715149,0,0,741,38532,"",1.07,0.19,0.16,0.00,0.00,0.84,0.84,"",7,28.0,35,57.4,1679260,82.5,0,0.0,0,0.0,100,15.6,5202,15.6
"12117","5","518","75","0","1999","A","","Seminole County, Florida","Private","Data processing, hosting and related services","County, NAICS 3-digit -- by ownership sector","All establishment sizes",37,483,39405123,0,0,1570,81655,"",1.47,1.09,1.73,0.00,0.00,1.59,1.59,"",4,12.1,11,2.3,9683761,32.6,0,0.0,0,0.0,360,29.8,18719,29.7
"12127","5","518","75","0","1999","A","","Volusia County, Florida","Private","Data processing, hosting and related services","County, NAICS 3-digit -- by ownership sector","All establishment sizes",17,94,2269373,0,0,466,24228,"",0.65,0.20,0.12,0.00,0.00,0.58,0.58,"",2,13.3,-61,-39.4,-2751929,-54.8,0,0.0,0,0.0,-157,-25.2,-8167,-25.2
"13000","5","518","55","0","1999","A","","Georgia -- Statewide","Private","Data processing, hosting and related services","State, NAICS 3-digit -- by ownership sector","All establishment sizes",658,19631,1067415014,0,0,1046,54375,"",1.12,1.54,1.46,0.00,0.00,0.95,0.95,"",107,19.4,1575,8.7,267070520,33.4,0,0.0,0,0.0,194,22.8,10050,22.7
"13051","5","518","75","0","1999","A","","Chatham County, Georgia","Private","Data processing, hosting and related services","County, NAICS 3-digit -- by ownership sector","All establishment sizes",14,111,4303421,0,0,749,38945,"",0.82,0.27,0.21,0.00,0.00,0.76,0.76,"",0,0.0,1,0.9,451090,11.7,0,0.0,0,0.0,72,10.6,3764,10.7
"13067","5","518","75","0","1999","A","","Cobb County, Georgia","Private","Data processing, hosting and related services","County, NAICS 3-digit -- by ownership sector","All establishment sizes",63,1206,79432038,0,0,1266,65846,"",1.31,1.21,1.22,0.00,0.00,1.01,1.01,"",8,14.5,94,8.5,26962100,51.4,0,0.0,0,0.0,359,39.6,18664,39.6
"13089","5","518","75","0","1999","A","","DeKalb County, Georgia","Private","Data processing, hosting and related services","County, NAICS 3-digit -- by ownership sector","All establishment sizes",71,1560,74426674,0,0,918,47720,"",1.58,1.47,1.07,0.00,0.00,0.73,0.73,"",5,7.6,-438,-21.9,-14494274,-16.3,0,0.0,0,0.0,62,7.2,3219,7.2
"13117","5","518","75","0","1999","A","","Forsyth County, Georgia","Private","Data processing, hosting and related services","County, NAICS 3-digit -- by ownership sector","All establishment sizes",11,182,7421368,0,0,786,40852,"",1.75,1.74,1.29,0.00,0.00,0.74,0.74,"",2,22.2,77,73.3,2875614,63.3,0,0.0,0,0.0,-47,-5.6,-2475,-5.7
"13121","5","518","75","0","1999","A","","Fulton County, Georgia","Private","Data processing, hosting and related services","County, NAICS 3-digit -- by ownership sector","All establishment sizes",199,9555,596749269,0,0,1201,62456,"",2.20,3.85,3.13,0.00,0.00,0.81,0.81,"",37,22.8,932,10.8,188926588,46.3,0,0.0,0,0.0,292,32.1,15163,32.1
"13135","5","518","75","0","1999","A","","Gwinnett County, Georgia","Private","Data processing, hosting and related services","County, NAICS 3-digit -- by ownership sector","All establishment sizes",73,1456,81259879,0,0,1073,55798,"",1.62,1.62,1.38,0.00,0.00,0.85,0.85,"",14,23.7,27,1.9,14598798,21.9,0,0.0,0,0.0,176,19.6,9147,19.6
"15000","5","518","55","0","1999","A","","Hawaii -- Statewide","Private","Data processing, hosting and related services","State, NAICS 3-digit -- by ownership sector","All establishment sizes",82,570,22204790,0,0,749,38927,"",0.96,0.32,0.23,0.00,0.00,0.74,0.74,"",12,17.1,64,12.6,3702141,20.0,0,0.0,0,0.0,46,6.5,2385,6.5
"15003","5","518","75","0","1999","A","","Honolulu County, Hawaii","Private","Data processing, hosting and related services","County, NAICS 3-digit -- by ownership sector","All establishment sizes",64,493,20532340,0,0,801,41676,"",1.12,0.37,0.28,0.00,0.00,0.76,0.76,"",8,14.3,55,12.6,3202311,18.5,0,0.0,0,0.0,40,5.3,2125,5.4
"15009","5","518","75","0","1999","A","","Maui + Kalawao County, Hawaii","Private","Data processing, hosting and related services","County, NAICS 3-digit -- by ownership sector","All establishment sizes",7,36,816888,0,0,437,22744,"",0.62,0.18,0.09,0.00,0.00,0.48,0.48,"",2,40.0,11,44.0,226053,38.3,0,0.0,0,0.0,-22,-4.8,-1128,-4.7
"16000","5","518","55","0","1999","A","","Idaho -- Statewide","Private","Data processing, hosting and related services","State, NAICS 3-digit -- by ownership sector","All establishment sizes",63,293,9877672,0,0,647,33664,"",0.54,0.16,0.12,0.00,0.00,0.73,0.73,"",11,21.2,99,51.0,3585960,57.0,0,0.0,0,0.0,25,4.0,1302,4.0
"16001","5","518","75","0","1999","A","","Ada County, Idaho","Private","Data processing, hosting and related services","County, NAICS 3-digit -- by ownership sector","All establishment sizes",31,200,7906967,0,0,759,39453,"",1.06,0.36,0.25,0.00,0.00,0.71,0.71,"",6,24.0,62,44.9,2843165,56.1,0,0.0,0,0.0,51,7.2,2625,7.1
"16055","5","518","75","0","1999","A","","Kootenai County, Idaho","Private","Data processing, hosting and related services","County, NAICS 3-digit -- by ownership sector","All establishment sizes",8,47,1065690,0,0,434,22554,"",0.80,0.34,0.19,0.00,0.00,0.54,0.54,"",3,60.0,21,80.8,497586,87.6,0,0.0,0,0.0,19,4.6,980,4.5
"17000","5","518","55","0","1999","A","","Illinois -- Statewide","Private","Data processing, hosting and related services","State, NAICS 3-digit -- by ownership sector","All establishment sizes",921,18881,1399763225,0,0,1426,74137,"",1.10,0.96,1.11,0.00,0.00,1.15,1.15,"",110,13.6,-4695,-19.9,-28101873,-2.0,0,0.0,0,0.0,261,22.4,13574,22.4
"17019","5","518","75","0","1999","A","","Champaign County, Illinois","Private","Data processing, hosting and related services","County, NAICS 3-digit -- by ownership sector","All establishment sizes",12,397,12082358,0,0,586,30447,"",1.15,1.35,0.83,0.00,0.00,0.61,0.61,"",-2,-14.3,26,7.0,2138501,21.5,0,0.0,0,0.0,71,13.8,3668,13.7
"17031","5","518","75","0","1999","A","","Cook County, Illinois","Private","Data processing, hosting and related services","County, NAICS 3-digit -- by ownership sector","All establishment sizes",369,6667,482113892,0,0,1391,72319,"",1.10,0.75,0.75,0.00,0.00,1.01,1.01,"",27,7.9,-5840,-46.7,-173545155,-26.5,0,0.0,0,0.0,383,38.0,19894,37.9
"17043","5","518","75","0","1999","A","","DuPage County, Illinois","Private","Data processing, hosting and related services","County, NAICS 3-digit -- by ownership sector","All establishment sizes",131,7724,688862749,0,0,1715,89182,"",1.61,3.99,4.86,0.00,0.00,1.22,1.22,"",2,1.6,353,4.8,96275375,16.2,0,0.0,0,0.0,169,10.9,8785,10.9
"17089","5","518","75","0","1999","A","","Kane County, Illinois","Private","Data processing, hosting and related services","County, NAICS 3-digit -- by ownership sector","All establishment sizes",16,106,2637383,0,0,478,24842,"",0.63,0.18,0.08,0.00,0.00,0.44,0.44,"",2,14.3,-31,-22.6,-552758,-17.3,0,0.0,0,0.0,30,6.7,1542,6.6
"17097","5","518","75","0","1999","A","","Lake County, Illinois","Private","Data processing, hosting and related services","County, NAICS 3-digit -- by ownership sector","All establishment sizes",63,1140,84796398,0,0,1431,74415,"",1.36,1.14,1.19,0.00,0.00,1.05,1.05,"",13,26.0,279,32.4,5587879,7.1,0,0.0,0,0.0,-339,-19.2,-17634,-19.2
"17119","5","518","75","0","1999","A","","Madison County, Illinois","Private","Data processing, hosting and related services","County, NAICS 3-digit -- by ownership sector","All establishment sizes",11,36,796580,0,0,431,22386,"",0.76,0.11,0.05,0.00,0.00,0.45,0.45,"",0,0.0,9,33.3,209770,35.7,0,0.0,0,0.0,19,4.6,983,4.6
"17161","5","518","75","0","1999","A","","Rock Island County, Illinois","Private","Data processing, hosting and related services","County, NAICS 3-digit -- by ownership sector","All establishment sizes",5,42,1208195,0,0,555,28881,"",0.56,0.16,0.08,0.00,0.00,0.51,0.51,"",0,0.0,-8,-16.0,-11015,-0.9,0,0.0,0,0.0,87,18.6,4537,18.6
"17163","5","518","75","0","1999","A","","St. Clair County, Illinois","Private","Data processing, hosting and related services","County, NAICS 3-digit -- by ownership sector","All establishment sizes",5,15,1286647,0,0,1706,88734,"",0.37,0.05,0.09,0.00,0.00,1.91,1.91,"",2,66.7,-51,-77.3,-1448633,-53.0,0,0.0,0,0.0,908,113.8,47238,113.8
"17167","5","518","75","0","1999","A","","Sangamon County, Illinois","Private","Data processing, hosting and related services","County, NAICS 3-digit -- by ownership sector","All establishment sizes",13,338,9281653,0,0,529,27488,"",0.97,0.67,0.30,0.00,0.00,0.45,0.45,"",0,0.0,8,2.4,-43356,-0.5,0,0.0,0,0.0,-14,-2.6,-770,-2.7
"17197","5","518","75","0","1999","A","","Will County, Illinois","Private","Data processing, hosting and related services","County, NAICS 3-digit -- by ownership sector","All establishment sizes",20,508,18192439,0,0,688,35794,"",0.86,1.13,0.72,0.00,0.00,0.64,0.64,"",1,5.3,289,132.0,7689027,73.2,0,0.0,0,0.0,-233,-25.3,-12076,-25.2
"17201","5","518","75","0","1999","A","","Winnebago County, Illinois","Private","Data processing, hosting and related services","County, NAICS 3-digit -- by ownership sector","All establishment sizes",10,198,5922067,0,0,575,29884,"",0.58,0.42,0.23,0.00,0.00,0.55,0.55,"",2,25.0,17,9.4,727164,14.0,0,0.0,0,0.0,22,4.0,1143,4.0
"18000","5","518","55","0","1999","A","","Indiana -- Statewide","Private","Data processing, hosting and related services","State, NAICS 3-digit -- by ownership sector","All establishment sizes",263,3308,129669203,0,0,754,39198,"",0.65,0.34,0.25,0.00,0.00,0.74,0.74,"",67,34.2,211,6.8,17042576,15.1,0,0.0,0,0.0,55,7.9,2827,7.8
"18003","5","518","75","0","1999","A","","Allen County, Indiana","Private","Data processing, hosting and related services","County, NAICS 3-digit -- by ownership sector","All establishment sizes",15,418,23474624,0,0,1081,56193,"",0.69,0.66,0.67,0.00,0.00,1.01,1.01,"",0,0.0,-3,-0.7,1071424,4.8,0,0.0,0,0.0,57,5.6,2937,5.5
"18057","5","518","75","0","1999","A","","Hamilton County, Indiana","Private","Data processing, hosting and related services","County, NAICS 3-digit -- by ownership sector","All establishment sizes",8,49,1959635,0,0,764,39722,"",0.61,0.20,0.13,0.00,0.00,0.64,0.64,"",1,14.3,-180,-78.6,-8641470,-81.5,0,0.0,0,0.0,-126,-14.2,-6571,-14.2
"18089","5","518","75","0","1999","A","","Lake County, Indiana","Private","Data processing, hosting and related services","County, NAICS 3-digit -- by ownership sector","All establishment sizes",11,122,3154661,0,0,499,25964,"",0.42,0.18,0.09,0.00,0.00,0.48,0.48,"",-1,-8.3,29,31.2,104303,3.4,0,0.0,0,0.0,-129,-20.5,-6689,-20.5
"18097","5","518","75","0","1999","A","","Marion County, Indiana","Private","Data processing, hosting and related services","County, NAICS 3-digit -- by ownership sector","All establishment sizes",63,1316,56666886,0,0,828,43071,"",0.98,0.66,0.45,0.00,0.00,0.69,0.69,"",16,34.0,301,29.7,17505475,44.7,0,0.0,0,0.0,86,11.6,4498,11.7
"18105","5","518","75","0","1999","A","","Monroe County, Indiana","Private","Data processing, hosting and related services","County, NAICS 3-digit -- by ownership sector","All establishment sizes",6,85,3989687,0,0,899,46754,"",0.81,0.43,0.43,0.00,0.00,1.01,1.01,"",1,20.0,20,30.8,1575356,65.3,0,0.0,0,0.0,187,26.3,9705,26.2
"18127","5","518","75","0","1999","A","","Porter County, Indiana","Private","Data processing, hosting and related services","County, NAICS 3-digit -- by ownership sector","All establishment sizes",5,251,6850138,0,0,524,27264,"",0.61,1.36,0.68,0.00,0.00,0.50,0.50,"",0,0.0,-18,-6.7,-37451,-0.5,0,0.0,0,0.0,32,6.5,1660,6.5
"18141","5","518","75","0","1999","A","","St. Joseph County, Indiana","Private","Data processing, hosting and related services","County, NAICS 3-digit -- by ownership sector","All establishment sizes",9,236,11369563,0,0,927,48210,"",0.55,0.54,0.52,0.00,0.00,0.95,0.95,"",0,0.0,26,12.4,1298199,12.9,0,0.0,0,0.0,6,0.7,308,0.6
"19000","5","518","55","0","1999","A","","Iowa -- Statewide","Private","Data processing, hosting and related services","State, NAICS 3-digit -- by ownership sector","All establishment sizes",223,9499,264010394,0,0,534,27793,"",0.89,1.98,1.15,0.00,0.00,0.58,0.58,"",30,15.5,2052,27.6,54549177,26.0,0,0.0,0,0.0,-7,-1.3,-335,-1.2
"19045","5","518","75","0","1999","A","","Clinton County, Iowa","Private","Data processing, hosting and related services","County, NAICS 3-digit -- by ownership sector","All establishment sizes",11,343,3420064,0,0,192,9964,"",2.89,4.64,1.07,0.00,0.00,0.23,0.23,"",-1,-8.3,94,37.8,286730,9.2,0,0.0,0,0.0,-50,-20.7,-2637,-20.9
"19113","5","518","75","0","1999","A","","Linn County, Iowa","Private","Data processing, hosting and related services","County, NAICS 3-digit -- by ownership sector","All establishment sizes",32,904,37951763,0,0,807,41963,"",1.96,2.26,1.65,0.00,0.00,0.73,0.73,"",3,10.3,284,45.8,9109618,31.6,0,0.0,0,0.0,-88,-9.8,-4557,-9.8
"19153","5","518","75","0","1999","A","","Polk County, Iowa","Private","Data processing, hosting and related services","County, NAICS 3-digit -- by ownership sector","All establishment sizes",71,3341,109640191,0,0,631,32817,"",1.89,3.83,2.16,0.00,0.00,0.56,0.56,"",11,18.3,1365,69.1,39136433,55.5,0,0.0,0,0.0,-55,-8.0,-2868,-8.0
"19163","5","518","75","0","1999","A","","Scott County, Iowa","Private","Data processing, hosting and related services","County, NAICS 3-digit -- by ownership sector","All establishment sizes",16,201,7317687,0,0,700,36406,"",1.14,0.69,0.50,0.00,0.00,0.73,0.73,"",5,45.5,54,36.7,2529070,52.8,0,0.0,0,0.0,72,11.5,3738,11.4
"19169","5","518","75","0","1999","A","","Story County, Iowa","Private","Data processing, hosting and related services","County, NAICS 3-digit -- by ownership sector","All establishment sizes",9,33,582965,0,0,336,17489,"",1.53,0.24,0.09,0.00,0.00,0.36,0.36,"",2,28.6,17,106.2,348173,148.3,0,0.0,0,0.0,51,17.9,2660,17.9
"20000","5","518","55","0","1999","A","","Kansas -- Statewide","Private","Data processing, hosting and related services","State, NAICS 3-digit -- by ownership sector","All establishment sizes",181,3455,132891669,0,0,740,38462,"",0.86,0.79,0.61,0.00,0.00,0.77,0.77,"",31,20.7,510,17.3,16201032,13.9,0,0.0,0,0.0,-22,-2.9,-1168,-2.9
"20045","5","518","75","0","1999","A","","Douglas County, Kansas","Private","Data processing, hosting and related services","County, NAICS 3-digit -- by ownership sector","All establishment sizes",9,70,2395453,0,0,660,34343,"",1.23,0.46,0.38,0.00,0.00,0.82,0.82,"",2,28.6,27,62.8,1364291,132.3,0,0.0,0,0.0,193,41.3,10080,41.5
"20091","5","518","75","0","1999","A","","Johnson County, Kansas","Private","Data processing, hosting and related services","County, NAICS 3-digit -- by ownership sector","All establishment sizes",81,1619,80699782,0,0,958,49840,"",1.75,1.72,1.39,0.00,0.00,0.81,0.81,"",13,19.1,144,9.8,4062123,5.3,0,0.0,0,0.0,-41,-4.1,-2115,-4.1
"20173","5","518","75","0","1999","A","","Sedgwick County, Kansas","Private","Data processing, hosting and related services","County, NAICS 3-digit -- by ownership sector","All establishment sizes",26,295,8530785,0,0,557,28967,"",0.86,0.35,0.18,0.00,0.00,0.51,0.51,"",4,18.2,108,57.8,3120434,57.7,0,0.0,0,0.0,1,0.2,60,0.2
"20177","5","518","75","0","1999","A","","Shawnee County, Kansas","Private","Data processing, hosting and related services","County, NAICS 3-digit -- by ownership sector","All establishment sizes",14,56,1946117,0,0,667,34700,"",1.11,0.17,0.12,0.00,0.00,0.69,0.69,"",3,27.3,14,33.3,815782,72.2,0,0.0,0,0.0,150,29.0,7841,29.2
"20209","5","518","75","0","1999","A","","Wyandotte County, Kansas","Private","Data processing, hosting and related services","County, NAICS 3-digit -- by ownership sector","All establishment sizes",9,138,6522702,0,0,911,47380,"",1.02,0.53,0.42,0.00,0.00,0.79,0.79,"",1,12.5,-55,-28.5,-2086568,-24.2,0,0.0,0,0.0,52,6.1,2695,6.0
"21000","5","518","55","0","1999","A","","Kentucky -- Statewide","Private","Data processing, hosting and related services","State, NAICS 3-digit -- by ownership sector","All establishment sizes",180,7583,224989004,0,0,571,29671,"",0.65,1.31,0.79,0.00,0.00,0.60,0.60,"",27,17.6,446,6.2,23708114,11.8,0,0.0,0,0.0,29,5.4,1470,5.2
"21015","5","518","75","0","1999","A","","Boone County, Kentucky","Private","Data processing, hosting and related services","County, NAICS 3-digit -- by ownership sector","All establishment sizes",6,210,11223551,0,0,1030,53573,"",0.86,0.94,0.91,0.00,0.00,0.96,0.96,"",2,50.0,7,3.4,1115672,11.0,0,0.0,0,0.0,74,7.7,3862,7.8
"21067","5","518","75","0","1999","A","","Fayette County, Kentucky","Private","Data processing, hosting and related services","County, NAICS 3-digit -- by ownership sector","All establishment sizes",23,713,21054510,0,0,568,29519,"",1.03,1.26,0.71,0.00,0.00,0.56,0.56,"",2,9.5,381,114.8,12659042,150.8,0,0.0,0,0.0,81,16.6,4193,16.6
"21111","5","518","75","0","1999","A","","Jefferson County, Kentucky","Private","Data processing, hosting and related services","County, NAICS 3-digit -- by ownership sector","All establishment sizes",63,3692,124106226,0,0,646,33618,"",1.13,2.55,1.52,0.00,0.00,0.59,0.59,"",13,26.0,-619,-14.4,-8057681,-6.1,0,0.0,0,0.0,56,9.5,2961,9.7
"22000","5","518","55","0","1999","A","","Louisiana -- Statewide","Private","Data processing, hosting and related services","State, NAICS 3-digit -- by ownership sector","All establishment sizes",244,2418,95782612,0,0,762,39606,"",0.80,0.39,0.32,0.00,0.00,0.82,0.82,"",22,9.9,202,9.1,17172078,21.8,0,0.0,0,0.0,80,11.7,4135,11.7
"22015","5","518","75","0","1999","A","","Bossier Parish, Louisiana","Private","Data processing, hosting and related services","County, NAICS 3-digit -- by ownership sector","All establishment sizes",7,22,544663,0,0,474,24664,"",1.26,0.17,0.11,0.00,0.00,0.63,0.63,"",1,16.7,2,10.0,-22957,-4.0,0,0.0,0,0.0,-67,-12.4,-3482,-12.4
"22017","5","518","75","0","1999","A","","Caddo Parish, Louisiana","Private","Data processing, hosting and related services","County, NAICS 3-digit -- by ownership sector","All establishment sizes",17,199,6522467,0,0,630,32749,"",0.91,0.50,0.33,0.00,0.00,0.66,0.66,"",-2,-10.5,-16,-7.4,256298,4.1,0,0.0,0,0.0,70,12.5,3615,12.4
"22019","5","518","75","0","1999","A","","Calcasieu Parish, Louisiana","Private","Data processing, hosting and related services","County, NAICS 3-digit -- by ownership sector","All establishment sizes",7,22,793153,0,0,704,36607,"",0.58,0.08,0.06,0.00,0.00,0.74,0.74,"",0,0.0,0,0.0,-154073,-16.3,0,0.0,0,0.0,-143,-16.9,-7450,-16.9
"22033","5","518","75","0","1999","A","","East Baton Rouge Parish, Louisiana","Private","Data processing, hosting and related services","County, NAICS 3-digit -- by ownership sector","All establishment sizes",45,282,13878426,0,0,947,49229,"",1.30,0.35,0.34,0.00,0.00,0.97,0.97,"",5,12.5,33,13.3,2454580,21.5,0,0.0,0,0.0,63,7.1,3258,7.1
"22051","5","518","75","0","1999","A","","Jefferson Parish, Louisiana","Private","Data processing, hosting and related services","County, NAICS 3-digit -- by ownership sector","All establishment sizes",41,604,23045461,0,0,734,38181,"",1.10,0.83,0.66,0.00,0.00,0.79,0.79,"",1,2.5,13,2.2,4162928,22.0,0,0.0,0,0.0,119,19.3,6208,19.4
"22055","5","518","75","0","1999","A","","Lafayette Parish, Louisiana","Private","Data processing, hosting and related services","County, NAICS 3-digit -- by ownership sector","All establishment sizes",13,154,4797970,0,0,599,31173,"",0.70,0.41,0.25,0.00,0.00,0.62,0.62,"",-2,-13.3,-3,-1.9,-179419,-3.6,0,0.0,0,0.0,-10,-1.6,-480,-1.5
"22071","5","518","75","0","1999","A","","Orleans Parish, Louisiana","Private","Data processing, hosting and related services","County, NAICS 3-digit -- by ownership sector","All establishment sizes",49,671,35297691,0,0,1011,52585,"",1.37,0.77,0.74,0.00,0.00,0.95,0.95,"",8,19.5,119,21.6,9681710,37.8,0,0.0,0,0.0,119,13.3,6179,13.3
"22073","5","518","75","0","1999","A","","Ouachita Parish, Louisiana","Private","Data processing, hosting and related services","County, NAICS 3-digit -- by ownership sector","All establishment sizes",8,139,3608094,0,0,500,26004,"",0.70,0.60,0.35,0.00,0.00,0.58,0.58,"",1,14.3,22,18.8,542506,17.7,0,0.0,0,0.0,-6,-1.2,-310,-1.2
"22103","5","518","75","0","1999","A","","St. Tammany Parish, Louisiana","Private","Data processing, hosting and related services","County, NAICS 3-digit -- by ownership sector","All establishment sizes",11,73,1065577,0,0,280,14547,"",0.87,0.40,0.14,0.00,0.00,0.35,0.35,"",3,37.5,28,62.2,295465,38.4,0,0.0,0,0.0,-48,-14.6,-2535,-14.8
"23000","5","518","55","0","1999","A","","Maine -- Statewide","Private","Data processing, hosting and related services","State, NAICS 3-digit -- by ownership sector","All establishment sizes",48,1137,41254191,0,0,698,36291,"",0.42,0.59,0.45,0.00,0.00,0.76,0.76,"",8,20.0,110,10.7,5004913,13.8,0,0.0,0,0.0,19,2.8,995,2.8
"23001","5","518","75","0","1999","A","","Androscoggin County, Maine","Private","Data processing, hosting and related services","County, NAICS 3-digit -- by ownership sector","All establishment sizes",4,160,4782569,0,0,575,29875,"",0.54,1.04,0.69,0.00,0.00,0.67,0.67,"",0,0.0,19,13.5,808108,20.3,0,0.0,0,0.0,33,6.1,1687,6.0
"23005","5","518","75","0","1999","A","","Cumberland County, Maine","Private","Data processing, hosting and related services","County, NAICS 3-digit -- by ownership sector","All establishment sizes",13,639,28328739,0,0,853,44368,"",0.48,1.19,0.98,0.00,0.00,0.82,0.82,"",2,18.2,53,9.0,3467389,13.9,0,0.0,0,0.0,37,4.5,1924,4.5
"23031","5","518","75","0","1999","A","","York County, Maine","Private","Data processing, hosting and related services","County, NAICS 3-digit -- by ownership sector","All establishment sizes",6,113,2278609,0,0,387,20105,"",0.44,0.55,0.23,0.00,0.00,0.43,0.43,"N",0,0,0,0,0,0,0,0,0,0,0,0,0,0
"24000","5","518","55","0","1999","A","","Maryland -- Statewide","Private","Data processing, hosting and related services","State, NAICS 3-digit -- by ownership sector","All establishment sizes",470,5831,269725480,0,0,890,46259,"",1.23,0.74,0.46,0.00,0.00,0.62,0.62,"",56,13.5,700,13.6,55419202,25.9,0,0.0,0,0.0,87,10.8,4489,10.7
"24003","5","518","75","0","1999","A","","Anne Arundel County, Maryland","Private","Data processing, hosting and related services","County, NAICS 3-digit -- by ownership sector","All establishment sizes",24,169,7135147,0,0,812,42199,"",0.77,0.28,0.20,0.00,0.00,0.72,0.72,"",6,33.3,26,18.2,1578496,28.4,0,0.0,0,0.0,64,8.6,3319,8.5
"24005","5","518","75","0","1999","A","","Baltimore County, Maryland","Private","Data processing, hosting and related services","County, NAICS 3-digit -- by ownership sector","All establishment sizes",51,638,30502251,0,0,920,47840,"",0.99,0.53,0.44,0.00,0.00,0.83,0.83,"",1,2.0,109,20.6,8973469,41.7,0,0.0,0,0.0,137,17.5,7104,17.4
"24013","5","518","75","0","1999","A","","Carroll County, Maryland","Private","Data processing, hosting and related services","County, NAICS 3-digit -- by ownership sector","All establishment sizes",11,23,1169523,0,0,967,50302,"",1.10,0.15,0.17,0.00,0.00,1.12,1.12,"",3,37.5,6,35.3,233582,25.0,0,0.0,0,0.0,-92,-8.7,-4753,-8.6
"24017","5","518","75","0","1999","A","","Charles County, Maryland","Private","Data processing, hosting and related services","County, NAICS 3-digit -- by ownership sector","All establishment sizes",5,64,1612698,0,0,485,25198,"",0.77,0.55,0.29,0.00,0.00,0.53,0.53,"",1,25.0,32,100.0,931901,136.9,0,0.0,0,0.0,76,18.6,3923,18.4
"24021","5","518","75","0","1999","A","","Frederick County, Maryland","Private","Data processing, hosting and related services","County, NAICS 3-digit -- by ownership sector","All establishment sizes",11,271,14212533,0,0,1007,52380,"",0.89,1.11,1.13,0.00,0.00,1.01,1.01,"",2,22.2,-28,-9.4,433193,3.1,0,0.0,0,0.0,121,13.7,6321,13.7
"24025","5","518","75","0","1999","A","","Harford County, Maryland","Private","Data processing, hosting and related services","County, NAICS 3-digit -- by ownership sector","All establishment sizes",7,35,1862628,0,0,1014,52716,"",0.59,0.16,0.17,0.00,0.00,1.03,1.03,"",2,40.0,-9,-20.5,14791,0.8,0,0.0,0,0.0,202,24.9,10480,24.8
"24027","5","518","75","0","1999","A","","Howard County, Maryland","Private","Data processing, hosting and related services","County, NAICS 3-digit -- by ownership sector","All establishment sizes",27,158,9334691,0,0,1137,59143,"",1.51,0.39,0.34,0.00,0.00,0.88,0.88,"",6,28.6,43,37.4,4282767,84.8,0,0.0,0,0.0,291,34.4,15149,34.4
"24031","5","518","75","0","1999","A","","Montgomery County, Maryland","Private","Data processing, hosting and related services","County, NAICS 3-digit -- by ownership sector","All establishment sizes",126,2176,107403224,0,0,949,49349,"",1.62,1.53,1.03,0.00,0.00,0.67,0.68,"",6,5.0,274,14.4,21863353,25.6,0,0.0,0,0.0,84,9.7,4377,9.7
"24033","5","518","75","0","1999","A","","Prince George's County, Maryland","Private","Data processing, hosting and related services","County, NAICS 3-digit -- by ownership sector","All establishment sizes",53,750,36825815,0,0,944,49074,"",1.42,0.75,0.60,0.00,0.00,0.80,0.80,"",-2,-3.6,-75,-9.1,722388,2.0,0,0.0,0,0.0,102,12.1,5308,12.1
"24045","5","518","75","0","1999","A","","Wicomico County, Maryland","Private","Data processing, hosting and related services","County, NAICS 3-digit -- by ownership sector","All establishment sizes",8,111,2988819,0,0,518,26947,"",1.23,0.82,0.48,0.00,0.00,0.58,0.58,"",2,33.3,9,8.8,403880,15.6,0,0.0,0,0.0,30,6.1,1563,6.2
"24510","5","518","75","0","1999","A","","Baltimore City, Maryland","Private","Data processing, hosting and related services","County, NAICS 3-digit -- by ownership sector","All establishment sizes",26,613,20900358,0,0,656,34114,"",0.67,0.48,0.25,0.00,0.00,0.52,0.52,"",3,13.0,99,19.3,4227211,25.4,0,0.0,0,0.0,32,5.1,1676,5.2
"25000","5","518","55","0","1999","A","","Massachusetts -- Statewide","Private","Data processing, hosting and related services","State, NAICS 3-digit -- by ownership sector","All establishment sizes",515,11435,675269303,0,0,1136,59055,"",1.05,1.07,0.89,0.00,0.00,0.83,0.83,"",37,7.7,743,6.9,137657951,25.6,0,0.0,0,0.0,169,17.5,8773,17.4
"25001","5","518","75","0","1999","A","","Barnstable County, Massachusetts","Private","Data processing, hosting and related services","County, NAICS 3-digit -- by ownership sector","All establishment sizes",9,116,4125135,0,0,686,35690,"",0.42,0.41,0.27,0.00,0.00,0.68,0.68,"",0,0.0,-5,-4.1,99301,2.5,0,0.0,0,0.0,47,7.4,2487,7.5
"25003","5","518","75","0","1999","A","","Berkshire County, Massachusetts","Private","Data processing, hosting and related services","County, NAICS 3-digit -- by ownership sector","All establishment sizes",6,125,18467190,0,0,2841,147738,"",0.52,0.61,1.72,0.00,0.00,2.81,2.81,"",1,20.0,44,54.3,15389535,500.0,0,0.0,0,0.0,2110,288.6,109703,288.4
"25009","5","518","75","0","1999","A","","Essex County, Massachusetts","Private","Data processing, hosting and related services","County, NAICS 3-digit -- by ownership sector","All establishment sizes",38,593,66867647,0,0,2168,112746,"",0.78,0.60,1.05,0.00,0.00,1.75,1.75,"",10,35.7,371,167.1,55650283,496.1,0,0.0,0,0.0,1196,123.0,62217,123.1
"25015","5","518","75","0","1999","A","","Hampshire County, Massachusetts","Private","Data processing, hosting and related services","County, NAICS 3-digit -- by ownership sector","All establishment sizes",5,81,2568234,0,0,610,31707,"",0.53,0.44,0.28,0.00,0.00,0.63,0.63,"",0,0.0,-13,-13.8,-831968,-24.5,0,0.0,0,0.0,-87,-12.5,-4562,-12.6
"25017","5","518","75","0","1999","A","","Middlesex County, Massachusetts","Private","Data processing, hosting and related services","County, NAICS 3-digit -- by ownership sector","All establishment sizes",173,6225,378683933,0,0,1170,60833,"",1.48,2.28,1.68,0.00,0.00,0.74,0.74,"",3,1.8,-27,-0.4,30415186,8.7,0,0.0,0,0.0,99,9.2,5127,9.2
"25021","5","518","75","0","1999","A","","Norfolk County, Massachusetts","Private","Data processing, hosting and related services","County, NAICS 3-digit -- by ownership sector","All establishment sizes",76,1879,74967739,0,0,767,39894,"",1.45,1.79,1.02,0.00,0.00,0.57,0.57,"",7,10.1,277,17.3,19485238,35.1,0,0.0,0,0.0,101,15.2,5270,15.2
"25023","5","518","75","0","1999","A","","Plymouth County, Massachusetts","Private","Data processing, hosting and related services","County, NAICS 3-digit -- by ownership sector","All establishment sizes",19,522,27580856,0,0,1016,52820,"",0.62,0.95,0.89,0.00,0.00,0.94,0.94,"",-2,-9.5,-46,-8.1,-1823020,-6.2,0,0.0,0,0.0,21,2.1,1068,2.1
"25025","5","518","75","0","1999","A","","Suffolk County, Massachusetts","Private","Data processing, hosting and related services","County, NAICS 3-digit -- by ownership sector","All establishment sizes",60,1196,62962048,0,0,1012,52637,"",1.10,0.60,0.35,0.00,0.00,0.59,0.59,"",0,0.0,307,34.5,19925492,46.3,0,0.0,0,0.0,81,8.7,4231,8.7
"25027","5","518","75","0","1999","A","","Worcester County, Massachusetts","Private","Data processing, hosting and related services","County, NAICS 3-digit -- by ownership sector","All establishment sizes",25,230,11078880,0,0,927,48187,"",0.53,0.22,0.18,0.00,0.00,0.80,0.80,"",1,4.2,-65,-22.0,-108815,-1.0,0,0.0,0,0.0,197,27.0,10252,27.0
"26000","5","518","55","0","1999","A","","Michigan -- Statewide","Private","Data processing, hosting and related services","State, NAICS 3-digit -- by ownership sector","All establishment sizes",360,5567,270097260,0,0,933,48519,"",0.56,0.37,0.29,0.00,0.00,0.77,0.77,"",36,11.1,-218,-3.8,22941449,9.3,0,0.0,0,0.0,111,13.5,5797,13.6
"26055","5","518","75","0","1999","A","","Grand Traverse County, Michigan","Private","Data processing, hosting and related services","County, NAICS 3-digit -- by ownership sector","All establishment sizes",6,39,1672630,0,0,818,42524,"",0.70,0.26,0.23,0.00,0.00,0.87,0.87,"",1,20.0,2,5.4,282192,20.3,0,0.0,0,0.0,94,13.0,4860,12.9
"26065","5","518","75","0","1999","A","","Ingham County, Michigan","Private","Data processing, hosting and related services","County, NAICS 3-digit -- by ownership sector","All establishment sizes",18,144,5805646,0,0,774,40247,"",0.94,0.25,0.17,0.00,0.00,0.69,0.69,"",3,20.0,18,14.3,2262752,63.9,0,0.0,0,0.0,235,43.6,12203,43.5
"26081","5","518","75","0","1999","A","","Kent County, Michigan","Private","Data processing, hosting and related services","County, NAICS 3-digit -- by ownership sector","All establishment sizes",21,217,6677519,0,0,591,30725,"",0.57,0.19,0.10,0.00,0.00,0.52,0.52,"",2,10.5,-140,-39.2,-8256978,-55.3,0,0.0,0,0.0,-213,-26.5,-11079,-26.5
"26099","5","518","75","0","1999","A","","Macomb County, Michigan","Private","Data processing, hosting and related services","County, NAICS 3-digit -- by ownership sector","All establishment sizes",13,29,1133659,0,0,743,38647,"",0.28,0.03,0.01,0.00,0.00,0.55,0.55,"",3,30.0,-131,-81.9,-2826656,-71.4,0,0.0,0,0.0,267,56.1,13869,56.0
"26125","5","518","75","0","1999","A","","Oakland County, Michigan","Private","Data processing, hosting and related services","County, NAICS 3-digit -- by ownership sector","All establishment sizes",79,1769,98085310,0,0,1067,55462,"",0.73,0.70,0.52,0.00,0.00,0.74,0.74,"",3,3.9,145,8.9,15347395,18.5,0,0.0,0,0.0,87,8.9,4505,8.8
"26139","5","518","75","0","1999","A","","Ottawa County, Michigan","Private","Data processing, hosting and related services","County, NAICS 3-digit -- by ownership sector","All establishment sizes",6,39,2026585,0,0,1012,52639,"",0.43,0.10,0.10,0.00,0.00,0.96,0.96,"N",0,0,0,0,0,0,0,0,0,0,0,0,0,0
"26161","5","518","75","0","1999","A","","Washtenaw County, Michigan","Private","Data processing, hosting and related services","County, NAICS 3-digit -- by ownership sector","All establishment sizes",25,840,43064907,0,0,986,51283,"",1.20,1.35,1.03,0.00,0.00,0.76,0.76,"",1,4.2,-41,-4.7,-653829,-1.5,0,0.0,0,0.0,31,3.2,1645,3.3
"26163","5","518","75","0","1999","A","","Wayne County, Michigan","Private","Data processing, hosting and related services","County, NAICS 3-digit -- by ownership sector","All establishment sizes",63,1738,81648741,0,0,904,46990,"",0.68,0.62,0.40,0.00,0.00,0.65,0.65,"",6,10.5,28,1.6,16080075,24.5,0,0.0,0,0.0,167,22.7,8655,22.6
"27000","5","518","55","0","1999","A","","Minnesota -- Statewide","Private","Data processing, hosting and related services","State, NAICS 3-digit -- by ownership sector","All establishment sizes",246,10603,470684692,0,0,854,44393,"",0.63,1.24,0.93,0.00,0.00,0.75,0.75,"",24,10.8,642,6.4,62913749,15.4,0,0.0,0,0.0,67,8.5,3457,8.4
"27037","5","518","75","0","1999","A","","Dakota County, Minnesota","Private","Data processing, hosting and related services","County, NAICS 3-digit -- by ownership sector","All establishment sizes",23,706,27905545,0,0,761,39550,"",1.01,1.43,0.97,0.00,0.00,0.68,0.68,"",3,15.0,100,16.5,5054050,22.1,0,0.0,0,0.0,35,4.8,1815,4.8
"27053","5","518","75","0","1999","A","","Hennepin County, Minnesota","Private","Data processing, hosting and related services","County, NAICS 3-digit -- by ownership sector","All establishment sizes",110,6443,307937067,0,0,919,47797,"",1.02,2.24,1.48,0.00,0.00,0.66,0.66,"",9,8.9,203,3.3,37608175,13.9,0,0.0,0,0.0,86,10.3,4473,10.3
"27123","5","518","75","0","1999","A","","Ramsey County, Minnesota","Private","Data processing, hosting and related services","County, NAICS 3-digit -- by ownership sector","All establishment sizes",36,2881,118984880,0,0,794,41300,"",0.95,2.62,1.65,0.00,0.00,0.63,0.63,"",8,28.6,377,15.1,21247522,21.7,0,0.0,0,0.0,43,5.7,2261,5.8
"27137","5","518","75","0","1999","A","","St. Louis County, Minnesota","Private","Data processing, hosting and related services","County, NAICS 3-digit -- by ownership sector","All establishment sizes",7,52,1163483,0,0,430,22375,"",0.46,0.17,0.08,0.00,0.00,0.46,0.46,"",1,16.7,-7,-11.9,-61134,-5.0,0,0.0,0,0.0,29,7.2,1530,7.3
"28000","5","518","55","0","1999","A","","Mississippi -- Statewide","Private","Data processing, hosting and related services","State, NAICS 3-digit -- by ownership sector","All establishment sizes",59,531,13339877,0,0,483,25134,"",0.35,0.14,0.08,0.00,0.00,0.58,0.58,"",0,0.0,69,14.9,2913314,27.9,0,0.0,0,0.0,49,11.3,2562,11.4
"28049","5","518","75","0","1999","A","","Hinds County, Mississippi","Private","Data processing, hosting and related services","County, NAICS 3-digit -- by ownership sector","All establishment sizes",8,110,2352064,0,0,412,21431,"",0.44,0.23,0.10,0.00,0.00,0.41,0.41,"",0,0.0,59,115.7,1118545,90.7,0,0.0,0,0.0,-53,-11.4,-2756,-11.4
"29000","5","518","55","0","1999","A","","Missouri -- Statewide","Private","Data processing, hosting and related services","State, NAICS 3-digit -- by ownership sector","All establishment sizes",329,9487,405888726,0,0,823,42783,"",0.78,1.05,0.86,0.00,0.00,0.82,0.82,"",52,18.8,143,1.5,11800573,3.0,0,0.0,0,0.0,12,1.5,607,1.4
"29019","5","518","75","0","1999","A","","Boone County, Missouri","Private","Data processing, hosting and related services","County, NAICS 3-digit -- by ownership sector","All establishment sizes",5,95,3056714,0,0,617,32063,"",0.49,0.38,0.26,0.00,0.00,0.68,0.68,"",0,0.0,24,33.8,843501,38.1,0,0.0,0,0.0,17,2.8,854,2.7
"29031","5","518","75","0","1999","A","","Cape Girardeau County, Missouri","Private","Data processing, hosting and related services","County, NAICS 3-digit -- by ownership sector","All establishment sizes",4,72,2059820,0,0,551,28675,"",0.65,0.54,0.35,0.00,0.00,0.65,0.65,"",1,33.3,19,35.8,956384,86.7,0,0.0,0,0.0,151,37.8,7888,37.9
"29077","5","518","75","0","1999","A","","Greene County, Missouri","Private","Data processing, hosting and related services","County, NAICS 3-digit -- by ownership sector","All establishment sizes",14,262,5395915,0,0,396,20575,"",0.69,0.56,0.25,0.00,0.00,0.45,0.44,"",3,27.3,29,12.4,730033,15.6,0,0.0,0,0.0,10,2.6,514,2.6
"29095","5","518","75","0","1999","A","","Jackson County, Missouri","Private","Data processing, hosting and related services","County, NAICS 3-digit -- by ownership sector","All establishment sizes",65,4239,189630160,0,0,860,44735,"",1.30,3.23,2.40,0.00,0.00,0.74,0.74,"",1,1.6,95,2.3,3945201,2.1,0,0.0,0,0.0,-2,-0.2,-75,-0.2
"29099","5","518","75","0","1999","A","","Jefferson County, Missouri","Private","Data processing, hosting and related services","County, NAICS 3-digit -- by ownership sector","All establishment sizes",4,23,280652,0,0,232,12071,"",0.44,0.17,0.05,0.00,0.00,0.29,0.29,"N",0,0,0,0,0,0,0,0,0,0,0,0,0,0
"29183","5","518","75","0","1999","A","","St. Charles County, Missouri","Private","Data processing, hosting and related services","County, NAICS 3-digit -- by ownership sector","All establishment sizes",16,84,3851239,0,0,883,45894,"",0.96,0.27,0.25,0.00,0.00,0.91,0.91,"",2,14.3,-182,-68.4,-2445131,-38.8,0,0.0,0,0.0,428,94.1,22231,93.9
"29189","5","518","75","0","1999","A","","St. Louis County, Missouri","Private","Data processing, hosting and related services","County, NAICS 3-digit -- by ownership sector","All establishment sizes",103,3260,157086751,0,0,927,48185,"",1.14,1.41,1.14,0.00,0.00,0.81,0.81,"",17,19.8,84,2.6,3344841,2.2,0,0.0,0,0.0,-4,-0.4,-222,-0.5
"29510","5","518","75","0","1999","A","","St. Louis City, Missouri","Private","Data processing, hosting and related services","County, NAICS 3-digit -- by ownership sector","All establishment sizes",19,233,10249606,0,0,846,43990,"",0.82,0.28,0.19,0.00,0.00,0.67,0.67,"",3,18.8,23,11.0,1463193,16.7,0,0.0,0,0.0,43,5.4,2233,5.3
"30000","5","518","55","0","1999","A","","Montana -- Statewide","Private","Data processing, hosting and related services","State, NAICS 3-digit -- by ownership sector","All establishment sizes",58,443,10653521,0,0,463,24076,"",0.60,0.36,0.21,0.00,0.00,0.58,0.58,"",15,34.9,109,32.6,3055582,40.2,0,0.0,0,0.0,25,5.7,1299,5.7
"30013","5","518","75","0","1999","A","","Cascade County, Montana","Private","Data processing, hosting and related services","County, NAICS 3-digit -- by ownership sector","All establishment sizes",5,28,833430,0,0,571,29677,"",0.71,0.26,0.19,0.00,0.00,0.72,0.72,"",2,66.7,5,21.7,288808,53.0,0,0.0,0,0.0,119,26.3,6168,26.2
"30049","5","518","75","0","1999","A","","Lewis and Clark County, Montana","Private","Data processing, hosting and related services","County, NAICS 3-digit -- by ownership sector","All establishment sizes",14,134,2960437,0,0,426,22148,"",2.47,1.44,0.69,0.00,0.00,0.48,0.48,"",2,16.7,14,11.7,483190,19.5,0,0.0,0,0.0,29,7.3,1490,7.2
"30063","5","518","75","0","1999","A","","Missoula County, Montana","Private","Data processing, hosting and related services","County, NAICS 3-digit -- by ownership sector","All establishment sizes",7,151,3615359,0,0,462,24009,"",0.71,0.96,0.53,0.00,0.00,0.56,0.56,"",0,0.0,51,51.0,1482756,69.5,0,0.0,0,0.0,53,13.0,2754,13.0
"31000","5","518","55","0","1999","A","","Nebraska -- Statewide","Private","Data processing, hosting and related services","State, NAICS 3-digit -- by ownership sector","All establishment sizes",104,12262,584267373,0,0,916,47648,"",0.77,4.24,4.28,0.00,0.00,1.01,1.01,"",13,14.3,544,4.6,143534138,32.6,0,0.0,0,0.0,193,26.7,10037,26.7
"31055","5","518","75","0","1999","A","","Douglas County, Nebraska","Private","Data processing, hosting and related services","County, NAICS 3-digit -- by ownership sector","All establishment sizes",53,11041,549645134,0,0,957,49782,"",1.42,10.23,9.24,0.00,0.00,0.90,0.90,"",6,12.8,500,4.7,139223970,33.9,0,0.0,0,0.0,208,27.8,10845,27.9
"31109","5","518","75","0","1999","A","","Lancaster County, Nebraska","Private","Data processing, hosting and related services","County, NAICS 3-digit -- by ownership sector","All establishment sizes",18,869,22593426,0,0,500,25997,"",1.05,1.81,0.97,0.00,0.00,0.54,0.54,"",0,0.0,71,8.9,3846228,20.5,0,0.0,0,0.0,48,10.6,2517,10.7
"31153","5","518","75","0","1999","A","","Sarpy County, Nebraska","Private","Data processing, hosting and related services","County, NAICS 3-digit -- by ownership sector","All establishment sizes",9,72,2322386,0,0,622,32368,"",2.01,0.63,0.40,0.00,0.00,0.63,0.63,"",2,28.6,9,14.3,556157,31.5,0,0.0,0,0.0,81,15.0,4221,15.0
"32000","5","518","55","0","1999","A","","Nevada -- Statewide","Private","Data processing, hosting and related services","State, NAICS 3-digit -- by ownership sector","All establishment sizes",159,853,36054082,0,0,813,42255,"",1.26,0.26,0.20,0.00,0.00,0.76,0.76,"",22,16.1,-49,-5.4,5719273,18.9,0,0.0,0,0.0,166,25.7,8637,25.7
"32003","5","518","75","0","1999","A","","Clark County, Nevada","Private","Data processing, hosting and related services","County, NAICS 3-digit -- by ownership sector","All establishment sizes",95,537,22078555,0,0,791,41108,"",1.31,0.24,0.18,0.00,0.00,0.75,0.75,"",8,9.2,57,11.9,6382024,40.7,0,0.0,0,0.0,163,26.0,8435,25.8
"32031","5","518","75","0","1999","A","","Washoe County, Nevada","Private","Data processing, hosting and related services","County, NAICS 3-digit -- by ownership sector","All establishment sizes",33,225,8727101,0,0,747,38830,"",1.18,0.37,0.26,0.00,0.00,0.70,0.70,"",6,22.2,-123,-35.3,-1693445,-16.3,0,0.0,0,0.0,170,29.5,8850,29.5
"33000","5","518","55","0","1999","A","","New Hampshire -- Statewide","Private","Data processing, hosting and related services","State, NAICS 3-digit -- by ownership sector","All establishment sizes",147,1252,73143062,0,0,1124,58425,"",1.24,0.63,0.65,0.00,0.00,1.03,1.03,"",31,26.7,124,11.0,22462019,44.3,0,0.0,0,0.0,260,30.1,13492,30.0
"33011","5","518","75","0","1999","A","","Hillsborough County, New Hampshire","Private","Data processing, hosting and related services","County, NAICS 3-digit -- by ownership sector","All establishment sizes",43,548,29234354,0,0,1025,53307,"",1.35,0.87,0.73,0.00,0.00,0.84,0.84,"",3,7.5,33,6.4,-110559,-0.4,0,0.0,0,0.0,-70,-6.4,-3646,-6.4
"33013","5","518","75","0","1999","A","","Merrimack County, New Hampshire","Private","Data processing, hosting and related services","County, NAICS 3-digit -- by ownership sector","All establishment sizes",9,86,4577827,0,0,1019,52974,"",0.71,0.37,0.37,0.00,0.00,0.99,0.99,"",1,12.5,16,22.9,1246917,37.4,0,0.0,0,0.0,104,11.4,5390,11.3
"33015","5","518","75","0","1999","A","","Rockingham County, New Hampshire","Private","Data processing, hosting and related services","County, NAICS 3-digit -- by ownership sector","All establishment sizes",38,433,14634090,0,0,650,33810,"",1.42,1.04,0.61,0.00,0.00,0.59,0.58,"",8,26.7,58,15.5,2385564,19.5,0,0.0,0,0.0,22,3.5,1155,3.5
"34000","5","518","55","0","1999","A","","New Jersey -- Statewide","Private","Data processing, hosting and related services","State, NAICS 3-digit -- by ownership sector","All establishment sizes",859,18484,1116755848,0,0,1162,60416,"",1.15,1.46,1.21,0.00,0.00,0.83,0.83,"",59,7.4,-33,-0.2,-51195330,-4.4,0,0.0,0,0.0,-51,-4.2,-2657,-4.2
"34001","5","518","75","0","1999","A","","Atlantic County, New Jersey","Private","Data processing, hosting and related services","County, NAICS 3-digit -- by ownership sector","All establishment sizes",8,10,486151,0,0,951,49439,"",0.45,0.02,0.02,0.00,0.00,0.93,0.93,"",-1,-11.1,-43,-81.1,-1145641,-70.2,0,0.0,0,0.0,353,59.0,18357,59.1
"34003","5","518","75","0","1999","A","","Bergen County, New Jersey","Private","Data processing, hosting and related services","County, NAICS 3-digit -- by ownership sector","All establishment sizes",119,2488,138509881,0,0,1071,55677,"",1.29,1.67,1.21,0.00,0.00,0.73,0.73,"",5,4.4,-1903,-43.3,-191112632,-58.0,0,0.0,0,0.0,-373,-25.8,-19394,-25.8
"34005","5","518","75","0","1999","A","","Burlington County, New Jersey","Private","Data processing, hosting and related services","County, NAICS 3-digit -- by ownership sector","All establishment sizes",31,1021,50321908,0,0,948,49271,"",1.09,1.71,1.33,0.00,0.00,0.78,0.78,"",-1,-3.1,-18,-1.7,4908769,10.8,0,0.0,0,0.0,108,12.9,5570,12.7
"34007","5","518","75","0","1999","A","","Camden County, New Jersey","Private","Data processing, hosting and related services","County, NAICS 3-digit -- by ownership sector","All establishment sizes",36,653,28839200,0,0,849,44159,"",1.02,0.97,0.71,0.00,0.00,0.73,0.73,"",-2,-5.3,46,7.6,4874071,20.3,0,0.0,0,0.0,90,11.9,4705,11.9
"34013","5","518","75","0","1999","A","","Essex County, New Jersey","Private","Data processing, hosting and related services","County, NAICS 3-digit -- by ownership sector","All establishment sizes",74,1948,161118871,0,0,1591,82710,"",1.29,1.62,1.76,0.00,0.00,1.08,1.08,"",7,10.4,722,58.9,65135133,67.9,0,0.0,0,0.0,85,5.6,4420,5.6
"34015","5","518","75","0","1999","A","","Gloucester County, New Jersey","Private","Data processing, hosting and related services","County, NAICS 3-digit -- by ownership sector","All establishment sizes",10,15,576645,0,0,748,38875,"",0.65,0.05,0.04,0.00,0.00,0.70,0.70,"",0,0.0,-2,-11.8,-176869,-23.5,0,0.0,0,0.0,-88,-10.5,-4597,-10.6
"34017","5","518","75","0","1999","A","","Hudson County, New Jersey","Private","Data processing, hosting and related services","County, NAICS 3-digit -- by ownership sector","All establishment sizes",48,1776,92456977,0,0,1001,52066,"",1.31,2.29,1.57,0.00,0.00,0.68,0.68,"",9,23.1,254,16.7,-4837100,-5.0,0,0.0,0,0.0,-228,-18.6,-11849,-18.5
"34019","5","518","75","0","1999","A","","Hunterdon County, New Jersey","Private","Data processing, hosting and related services","County, NAICS 3-digit -- by ownership sector","All establishment sizes",12,47,2291547,0,0,936,48670,"",1.11,0.30,0.19,0.00,0.00,0.62,0.62,"",1,9.1,5,11.9,236093,11.5,0,0.0,0,0.0,-16,-1.7,-859,-1.7
"34021","5","518","75","0","1999","A","","Mercer County, New Jersey","Private","Data processing, hosting and related services","County, NAICS 3-digit -- by ownership sector","All establishment sizes",44,800,49569913,0,0,1192,61962,"",1.65,1.17,0.97,0.00,0.00,0.83,0.82,"",4,10.0,135,20.3,6698474,15.6,0,0.0,0,0.0,-49,-3.9,-2555,-4.0
"34023","5","518","75","0","1999","A","","Middlesex County, New Jersey","Private","Data processing, hosting and related services","County, NAICS 3-digit -- by ownership sector","All establishment sizes",89,1879,100103246,0,0,1025,53282,"",1.64,1.44,0.99,0.00,0.00,0.69,0.69,"",10,12.7,271,16.9,14112908,16.4,0,0.0,0,0.0,-3,-0.3,-192,-0.4
"34025","5","518","75","0","1999","A","","Monmouth County, New Jersey","Private","Data processing, hosting and related services","County, NAICS 3-digit -- by ownership sector","All establishment sizes",60,779,45978530,0,0,1134,58991,"",1.18,1.02,0.91,0.00,0.00,0.89,0.89,"",1,1.7,71,10.0,5463846,13.5,0,0.0,0,0.0,33,3.0,1740,3.0
"34027","5","518","75","0","1999","A","","Morris County, New Jersey","Private","Data processing, hosting and related services","County, NAICS 3-digit -- by ownership sector","All establishment sizes",54,2889,179510032,0,0,1195,62137,"",1.16,3.21,2.22,0.00,0.00,0.69,0.69,"",-1,-1.8,1054,57.4,53341268,42.3,0,0.0,0,0.0,-127,-9.6,-6626,-9.6
"34029","5","518","75","0","1999","A","","Ocean County, New Jersey","Private","Data processing, hosting and related services","County, NAICS 3-digit -- by ownership sector","All establishment sizes",23,173,3839075,0,0,427,22202,"",0.78,0.41,0.18,0.00,0.00,0.43,0.43,"",0,0.0,-177,-50.6,-4879598,-56.0,0,0.0,0,0.0,-52,-10.9,-2708,-10.9
"34031","5","518","75","0","1999","A","","Passaic County, New Jersey","Private","Data processing, hosting and related services","County, NAICS 3-digit -- by ownership sector","All establishment sizes",32,167,5179289,0,0,595,30937,"",0.95,0.28,0.13,0.00,0.00,0.47,0.47,"",1,3.2,-986,-85.5,-38760372,-88.2,0,0.0,0,0.0,-138,-18.8,-7177,-18.8
"34035","5","518","75","0","1999","A","","Somerset County, New Jersey","Private","Data processing, hosting and related services","County, NAICS 3-digit -- by ownership sector","All establishment sizes",45,2714,187242869,0,0,1327,68998,"",1.73,4.90,3.66,0.00,0.00,0.75,0.75,"",-1,-2.2,163,6.4,18781324,11.1,0,0.0,0,0.0,57,4.5,2948,4.5
"34037","5","518","75","0","1999","A","","Sussex County, New Jersey","Private","Data processing, hosting and related services","County, NAICS 3-digit -- by ownership sector","All establishment sizes",12,86,2651433,0,0,595,30951,"",1.19,0.75,0.41,0.00,0.00,0.55,0.55,"",1,9.1,8,10.3,687864,35.0,0,0.0,0,0.0,113,23.4,5884,23.5
"34039","5","518","75","0","1999","A","","Union County, New Jersey","Private","Data processing, hosting and related services","County, NAICS 3-digit -- by ownership sector","All establishment sizes",33,243,12479935,0,0,987,51340,"",0.80,0.31,0.21,0.00,0.00,0.67,0.67,"",3,10.0,23,10.5,1278079,11.4,0,0.0,0,0.0,7,0.7,365,0.7
"34041","5","518","75","0","1999","A","","Warren County, New Jersey","Private","Data processing, hosting and related services","County, NAICS 3-digit -- by ownership sector","All establishment sizes",6,21,715195,0,0,660,34329,"",0.77,0.19,0.10,0.00,0.00,0.56,0.56,"",-1,-14.3,0,0.0,50501,7.6,0,0.0,0,0.0,58,9.6,3049,9.7
"35000","5","518","55","0","1999","A","","New Mexico -- Statewide","Private","Data processing, hosting and related services","State, NAICS 3-digit -- by ownership sector","All establishment sizes",94,2000,77932989,0,0,749,38965,"",0.75,0.85,0.72,0.00,0.00,0.84,0.84,"",15,19.0,158,8.6,24644075,46.2,0,0.0,0,0.0,193,34.7,10039,34.7
"35001","5","518","75","0","1999","A","","Bernalillo County, New Mexico","Private","Data processing, hosting and related services","County, NAICS 3-digit -- by ownership sector","All establishment sizes",50,1716,69506939,0,0,779,40495,"",1.17,1.70,1.35,0.00,0.00,0.79,0.79,"",6,13.6,120,7.5,22785713,48.8,0,0.0,0,0.0,216,38.4,11216,38.3
"35013","5","518","75","0","1999","A","","Dona Ana County, New Mexico","Private","Data processing, hosting and related services","County, NAICS 3-digit -- by ownership sector","All establishment sizes",7,107,2938860,0,0,528,27466,"",0.78,0.58,0.39,0.00,0.00,0.68,0.68,"",2,40.0,8,8.1,315555,12.0,0,0.0,0,0.0,20,3.9,1057,4.0
"35045","5","518","75","0","1999","A","","San Juan County, New Mexico","Private","Data processing, hosting and related services","County, NAICS 3-digit -- by ownership sector","All establishment sizes",3,20,419501,0,0,408,21241,"",0.45,0.14,0.06,0.00,0.00,0.45,0.45,"",0,0.0,7,53.8,226240,117.1,0,0.0,0,0.0,118,40.7,6182,41.1
"36000","5","518","55","0","1999","A","","New York -- Statewide","Private","Data processing, hosting and related services","State, NAICS 3-digit -- by ownership sector","All establishment sizes",2001,29947,1595001803,0,0,1024,53261,"",1.46,1.08,0.77,0.00,0.00,0.71,0.71,"",238,13.5,2331,8.4,378313270,31.1,0,0.0,0,0.0,177,20.9,9203,20.9
"36001","5","518","75","0","1999","A","","Albany County, New York","Private","Data processing, hosting and related services","County, NAICS 3-digit -- by ownership sector","All establishment sizes",44,2162,72229859,0,0,642,33408,"",1.83,2.82,1.58,0.00,0.00,0.56,0.56,"",4,10.0,-549,-20.3,5924085,8.9,0,0.0,0,0.0,172,36.6,8945,36.6
"36005","5","518","75","0","1999","A","","Bronx County, New York","Private","Data processing, hosting and related services","County, NAICS 3-digit -- by ownership sector","All establishment sizes",14,73,3574233,0,0,946,49187,"",0.37,0.10,0.09,0.00,0.00,0.87,0.87,"",0,0.0,4,5.8,943686,35.9,0,0.0,0,0.0,214,29.2,11109,29.2
"36007","5","518","75","0","1999","A","","Broome County, New York","Private","Data processing, hosting and related services","County, NAICS 3-digit -- by ownership sector","All establishment sizes",7,1264,38342911,0,0,583,30339,"",0.61,3.82,2.29,0.00,0.00,0.60,0.60,"",-1,-12.5,134,11.9,2876639,8.1,0,0.0,0,0.0,-21,-3.5,-1049,-3.3
"36027","5","518","75","0","1999","A","","Dutchess County, New York","Private","Data processing, hosting and related services","County, NAICS 3-digit -- by ownership sector","All establishment sizes",22,1247,67672022,0,0,1044,54264,"",1.21,3.46,3.00,0.00,0.00,0.87,0.87,"",0,0.0,-30,-2.3,2432161,3.7,0,0.0,0,0.0,61,6.2,3172,6.2
"36029","5","518","75","0","1999","A","","Erie County, New York","Private","Data processing, hosting and related services","County, NAICS 3-digit -- by ownership sector","All establishment sizes",67,1625,56693674,0,0,671,34879,"",1.11,1.06,0.69,0.00,0.00,0.65,0.64,"",10,17.5,-25,-1.5,7313557,14.8,0,0.0,0,0.0,95,16.5,4946,16.5
"36047","5","518","75","0","1999","A","","Kings County, New York","Private","Data processing, hosting and related services","County, NAICS 3-digit -- by ownership sector","All establishment sizes",136,645,25459889,0,0,759,39493,"",1.38,0.45,0.34,0.00,0.00,0.76,0.76,"",6,4.6,-84,-11.5,-2184784,-7.9,0,0.0,0,0.0,29,4.0,1559,4.1
"36055","5","518","75","0","1999","A","","Monroe County, New York","Private","Data processing, hosting and related services","County, NAICS 3-digit -- by ownership sector","All establishment sizes",61,1456,55503114,0,0,733,38112,"",1.38,1.10,0.68,0.00,0.00,0.62,0.62,"",4,7.0,103,7.6,10285749,22.7,0,0.0,0,0.0,90,14.0,4686,14.0
"36059","5","518","75","0","1999","A","","Nassau County, New York","Private","Data processing, hosting and related services","County, NAICS 3-digit -- by ownership sector","All establishment sizes",202,1346,76030783,0,0,1086,56472,"",1.60,0.68,0.57,0.00,0.00,0.83,0.83,"",18,9.8,237,21.4,18914685,33.1,0,0.0,0,0.0,95,9.6,4954,9.6
"36061","5","518","75","0","1999","A","","New York County, New York","Private","Data processing, hosting and related services","County, NAICS 3-digit -- by ownership sector","All establishment sizes",549,8454,601399469,0,0,1368,71139,"",1.88,1.10,0.67,0.00,0.00,0.61,0.61,"",82,17.6,1650,24.3,186512019,45.0,0,0.0,0,0.0,195,16.6,10165,16.7
"36065","5","518","75","0","1999","A","","Oneida County, New York","Private","Data processing, hosting and related services","County, NAICS 3-digit -- by ownership sector","All establishment sizes",10,772,17283396,0,0,430,22378,"",0.74,2.11,1.01,0.00,0.00,0.48,0.48,"N",0,0,0,0,0,0,0,0,0,0,0,0,0,0
"36067","5","518","75","0","1999","A","","Onondaga County, New York","Private","Data processing, hosting and related services","County, NAICS 3-digit -- by ownership sector","All establishment sizes",38,922,34807536,0,0,726,37735,"",1.19,1.10,0.75,0.00,0.00,0.68,0.68,"",6,18.8,185,25.1,9360865,36.8,0,0.0,0,0.0,62,9.3,3184,9.2
"36069","5","518","75","0","1999","A","","Ontario County, New York","Private","Data processing, hosting and related services","County, NAICS 3-digit -- by ownership sector","All establishment sizes",5,17,730562,0,0,807,41946,"",0.71,0.11,0.10,0.00,0.00,0.88,0.88,"",1,25.0,13,325.0,642670,731.2,0,0.0,0,0.0,324,67.1,16834,67.0
"36071","5","518","75","0","1999","A","","Orange County, New York","Private","Data processing, hosting and related services","County, NAICS 3-digit -- by ownership sector","All establishment sizes",18,1109,40834007,0,0,708,36837,"",0.84,2.82,2.09,0.00,0.00,0.74,0.74,"",2,12.5,70,6.7,2592745,6.8,0,0.0,0,0.0,0,0.0,28,0.1
"36079","5","518","75","0","1999","A","","Putnam County, New York","Private","Data processing, hosting and related services","County, NAICS 3-digit -- by ownership sector","All establishment sizes",15,69,3741673,0,0,1040,54096,"",2.20,0.97,0.93,0.00,0.00,0.96,0.96,"",0,0.0,12,21.1,1137365,43.7,0,0.0,0,0.0,156,17.6,8138,17.7
"36081","5","518","75","0","1999","A","","Queens County, New York","Private","Data processing, hosting and related services","County, NAICS 3-digit -- by ownership sector","All establishment sizes",94,438,17610297,0,0,774,40237,"",0.99,0.27,0.19,0.00,0.00,0.68,0.68,"",3,3.3,13,3.1,575181,3.4,0,0.0,0,0.0,3,0.4,162,0.4
"36083","5","518","75","0","1999","A","","Rensselaer County, New York","Private","Data processing, hosting and related services","County, NAICS 3-digit -- by ownership sector","All establishment sizes",5,66,3327550,0,0,967,50290,"",0.65,0.40,0.40,0.00,0.00,0.98,0.98,"",0,0.0,13,24.5,1482167,80.3,0,0.0,0,0.0,293,43.5,15251,43.5
"36085","5","518","75","0","1999","A","","Richmond County, New York","Private","Data processing, hosting and related services","County, NAICS 3-digit -- by ownership sector","All establishment sizes",41,128,5893842,0,0,888,46196,"",2.20,0.44,0.37,0.00,0.00,0.85,0.85,"",7,20.6,13,11.3,1337281,29.3,0,0.0,0,0.0,123,16.1,6401,16.1
"36087","5","518","75","0","1999","A","","Rockland County, New York","Private","Data processing, hosting and related services","County, NAICS 3-digit -- by ownership sector","All establishment sizes",43,223,11181416,0,0,963,50085,"",1.93,0.63,0.50,0.00,0.00,0.79,0.79,"",1,2.4,93,71.5,5436843,94.6,0,0.0,0,0.0,112,13.2,5811,13.1
"36091","5","518","75","0","1999","A","","Saratoga County, New York","Private","Data processing, hosting and related services","County, NAICS 3-digit -- by ownership sector","All establishment sizes",12,19,870083,0,0,873,45396,"",1.07,0.09,0.08,0.00,0.00,0.92,0.92,"",3,33.3,-11,-36.7,-630610,-42.0,0,0.0,0,0.0,-89,-9.3,-4627,-9.2
"36093","5","518","75","0","1999","A","","Schenectady County, New York","Private","Data processing, hosting and related services","County, NAICS 3-digit -- by ownership sector","All establishment sizes",9,84,1990305,0,0,456,23694,"",1.04,0.41,0.16,0.00,0.00,0.38,0.38,"",1,12.5,-11,-11.6,67083,3.5,0,0.0,0,0.0,68,17.5,3538,17.6
"36103","5","518","75","0","1999","A","","Suffolk County, New York","Private","Data processing, hosting and related services","County, NAICS 3-digit -- by ownership sector","All establishment sizes",154,2263,96294061,0,0,818,42561,"",1.39,1.20,0.81,0.00,0.00,0.68,0.68,"",14,10.0,-370,-14.1,1941731,2.1,0,0.0,0,0.0,129,18.7,6732,18.8
"36119","5","518","75","0","1999","A","","Westchester County, New York","Private","Data processing, hosting and related services","County, NAICS 3-digit -- by ownership sector","All establishment sizes",142,2471,184237626,0,0,1434,74560,"",1.62,1.86,1.79,0.00,0.00,0.96,0.96,"",5,3.6,21,0.9,30828236,20.1,0,0.0,0,0.0,230,19.1,11933,19.1
"37000","5","518","55","0","1999","A","","North Carolina -- Statewide","Private","Data processing, hosting and related services","State, NAICS 3-digit -- by ownership sector","All establishment sizes",460,12693,609214457,0,0,923,47995,"",0.82,1.00,0.92,0.00,0.00,0.92,0.92,"",78,20.4,1449,12.9,114331354,23.1,0,0.0,0,0.0,77,9.1,3982,9.0
"37021","5","518","75","0","1999","A","","Buncombe County, North Carolina","Private","Data processing, hosting and related services","County, NAICS 3-digit -- by ownership sector","All establishment sizes",15,538,14055658,0,0,502,26126,"",0.91,1.53,0.85,0.00,0.00,0.55,0.55,"",3,25.0,395,276.2,7674081,120.3,0,0.0,0,0.0,-359,-41.7,-18657,-41.7
"37049","5","518","75","0","1999","A","","Craven County, North Carolina","Private","Data processing, hosting and related services","County, NAICS 3-digit -- by ownership sector","All establishment sizes",3,14,247249,0,0,330,17150,"",0.53,0.11,0.04,0.00,0.00,0.36,0.36,"",0,0.0,3,27.3,47156,23.6,0,0.0,0,0.0,-28,-7.8,-1463,-7.9
"37063","5","518","75","0","1999","A","","Durham County, North Carolina","Private","Data processing, hosting and related services","County, NAICS 3-digit -- by ownership sector","All establishment sizes",26,1195,62683943,0,0,1009,52448,"",1.69,2.18,1.49,0.00,0.00,0.68,0.68,"",6,30.0,371,45.0,17520717,38.8,0,0.0,0,0.0,-45,-4.3,-2351,-4.3
"37067","5","518","75","0","1999","A","","Forsyth County, North Carolina","Private","Data processing, hosting and related services","County, NAICS 3-digit -- by ownership sector","All establishment sizes",20,129,4454103,0,0,664,34506,"",0.93,0.22,0.13,0.00,0.00,0.61,0.61,"",1,5.3,-130,-50.2,-2772493,-38.4,0,0.0,0,0.0,128,23.9,6640,23.8
"37081","5","518","75","0","1999","A","","Guilford County, North Carolina","Private","Data processing, hosting and related services","County, NAICS 3-digit -- by ownership sector","All establishment sizes",42,1863,84557448,0,0,873,45378,"",1.16,1.99,1.63,0.00,0.00,0.82,0.82,"",7,20.0,308,19.8,20840948,32.7,0,0.0,0,0.0,85,10.8,4401,10.7
"37119","5","518","75","0","1999","A","","Mecklenburg County, North Carolina","Private","Data processing, hosting and related services","County, NAICS 3-digit -- by ownership sector","All establishment sizes",110,6919,357963499,0,0,995,51734,"",1.62,4.20,3.20,0.00,0.00,0.76,0.76,"",15,15.8,409,6.3,46922826,15.1,0,0.0,0,0.0,76,8.3,3951,8.3
"37135","5","518","75","0","1999","A","","Orange County, North Carolina","Private","Data processing, hosting and related services","County, NAICS 3-digit -- by ownership sector","All establishment sizes",12,71,2361857,0,0,639,33227,"",1.45,0.38,0.23,0.00,0.00,0.59,0.59,"",3,33.3,14,24.6,441478,23.0,0,0.0,0,0.0,-6,-0.9,-317,-0.9
"37183","5","518","75","0","1999","A","","Wake County, North Carolina","Private","Data processing, hosting and related services","County, NAICS 3-digit -- by ownership sector","All establishment sizes",74,701,40681057,0,0,1117,58067,"",1.37,0.57,0.56,0.00,0.00,0.99,0.99,"",11,17.5,16,2.3,13307804,48.6,0,0.0,0,0.0,348,45.3,18096,45.3
"38000","5","518","55","0","1999","A","","North Dakota -- Statewide","Private","Data processing, hosting and related services","State, NAICS 3-digit -- by ownership sector","All establishment sizes",48,1505,37387899,0,0,478,24837,"",0.80,1.47,0.87,0.00,0.00,0.59,0.59,"",4,9.1,53,3.7,4060314,12.2,0,0.0,0,0.0,37,8.4,1889,8.2
"38017","5","518","75","0","1999","A","","Cass County, North Dakota","Private","Data processing, hosting and related services","County, NAICS 3-digit -- by ownership sector","All establishment sizes",14,428,12508658,0,0,563,29260,"",1.15,1.60,0.99,0.00,0.00,0.62,0.62,"",-1,-6.7,16,3.9,2064373,19.8,0,0.0,0,0.0,75,15.4,3884,15.3
"39000","3","518","55","0","1999","A","","Ohio -- Statewide","Local Government","Data processing, hosting and related services","State, NAICS 3-digit -- by ownership sector","All establishment sizes",28,245,9848453,0,0,774,40239,"",10.28,2.66,2.58,0.00,0.00,0.97,0.97,"",-1,-3.4,4,1.7,116383,1.2,0,0.0,0,0.0,-4,-0.5,-227,-0.6
"39000","5","518","55","0","1999","A","","Ohio -- Statewide","Private","Data processing, hosting and related services","State, NAICS 3-digit -- by ownership sector","All establishment sizes",634,12152,566253183,0,0,896,46599,"",0.85,0.66,0.56,0.00,0.00,0.84,0.84,"",77,13.8,1069,9.6,76119647,15.5,0,0.0,0,0.0,46,5.4,2373,5.4
"39017","5","518","75","0","1999","A","","Butler County, Ohio","Private","Data processing, hosting and related services","County, NAICS 3-digit -- by ownership sector","All establishment sizes",10,152,7370295,0,0,931,48409,"",0.62,0.37,0.33,0.00,0.00,0.88,0.88,"",2,25.0,111,270.7,6033036,451.1,0,0.0,0,0.0,300,47.5,15593,47.5
"39035","3","518","75","0","1999","A","","Cuyahoga County, Ohio","Local Government","Data processing, hosting and related services","County, NAICS 3-digit -- by ownership sector","All establishment sizes",6,47,1436886,0,0,587,30518,"",15.84,3.42,2.26,0.00,0.00,0.66,0.66,"",0,0.0,1,2.2,-210851,-12.8,0,0.0,0,0.0,-99,-14.4,-5173,-14.5
"39035","5","518","75","0","1999","A","","Cuyahoga County, Ohio","Private","Data processing, hosting and related services","County, NAICS 3-digit -- by ownership sector","All establishment sizes",120,2307,90478611,0,0,754,39218,"",1.16,0.85,0.53,0.00,0.00,0.63,0.63,"",9,8.1,63,2.8,5689369,6.7,0,0.0,0,0.0,27,3.7,1435,3.8
"39049","3","518","75","0","1999","A","","Franklin County, Ohio","Local Government","Data processing, hosting and related services","County, NAICS 3-digit -- by ownership sector","All establishment sizes",4,19,930081,0,0,925,48108,"",14.46,1.65,1.82,0.00,0.00,1.09,1.09,"",0,0.0,5,35.7,382528,69.9,0,0.0,0,0.0,177,23.7,9228,23.7
"39049","5","518","75","0","1999","A","","Franklin County, Ohio","Private","Data processing, hosting and related services","County, NAICS 3-digit -- by ownership sector","All establishment sizes",97,4388,254785688,0,0,1117,58061,"",1.29,1.91,1.87,0.00,0.00,0.98,0.98,"",15,18.3,586,15.4,47016195,22.6,0,0.0,0,0.0,66,6.3,3414,6.2
"39055","5","518","75","0","1999","A","","Geauga County, Ohio","Private","Data processing, hosting and related services","County, NAICS 3-digit -- by ownership sector","All establishment sizes",10,60,2899976,0,0,929,48333,"",1.48,0.55,0.53,0.00,0.00,0.96,0.96,"",1,11.1,5,9.1,467942,19.2,0,0.0,0,0.0,73,8.5,3845,8.6
"39061","5","518","75","0","1999","A","","Hamilton County, Ohio","Private","Data processing, hosting and related services","County, NAICS 3-digit -- by ownership sector","All establishment sizes",59,594,27391398,0,0,888,46152,"",0.89,0.31,0.23,0.00,0.00,0.72,0.72,"",4,7.3,6,1.0,2759809,11.2,0,0.0,0,0.0,83,10.3,4279,10.2
"39085","5","518","75","0","1999","A","","Lake County, Ohio","Private","Data processing, hosting and related services","County, NAICS 3-digit -- by ownership sector","All establishment sizes",12,208,12128004,0,0,1124,58448,"",0.72,0.61,0.67,0.00,0.00,1.10,1.10,"",1,9.1,94,82.5,7938906,189.5,0,0.0,0,0.0,419,59.4,21782,59.4
"39089","5","518","75","0","1999","A","","Licking County, Ohio","Private","Data processing, hosting and related services","County, NAICS 3-digit -- by ownership sector","All establishment sizes",4,16,661518,0,0,808,42001,"",0.53,0.09,0.08,0.00,0.00,0.85,0.85,"",1,33.3,-2,-11.1,-16101,-2.4,0,0.0,0,0.0,70,9.5,3645,9.5
"39095","5","518","75","0","1999","A","","Lucas County, Ohio","Private","Data processing, hosting and related services","County, NAICS 3-digit -- by ownership sector","All establishment sizes",19,150,4333402,0,0,556,28921,"",0.66,0.19,0.10,0.00,0.00,0.52,0.52,"",0,0.0,9,6.4,469563,12.2,0,0.0,0,0.0,29,5.5,1534,5.6
"39099","5","518","75","0","1999","A","","Mahoning County, Ohio","Private","Data processing, hosting and related services","County, NAICS 3-digit -- by ownership sector","All establishment sizes",10,82,2831667,0,0,668,34744,"",0.59,0.22,0.17,0.00,0.00,0.78,0.78,"",1,11.1,6,7.9,-63686,-2.2,0,0.0,0,0.0,-61,-8.4,-3145,-8.3
"39113","5","518","75","0","1999","A","","Montgomery County, Ohio","Private","Data processing, hosting and related services","County, NAICS 3-digit -- by ownership sector","All establishment sizes",51,1255,53636674,0,0,822,42747,"",1.45,1.24,0.89,0.00,0.00,0.72,0.72,"",2,4.1,-59,-4.5,734675,1.4,0,0.0,0,0.0,48,6.2,2474,6.1
"39151","5","518","75","0","1999","A","","Stark County, Ohio","Private","Data processing, hosting and related services","County, NAICS 3-digit -- by ownership sector","All establishment sizes",14,125,4048538,0,0,621,32302,"",0.59,0.22,0.14,0.00,0.00,0.65,0.65,"",3,27.3,4,3.3,95157,2.4,0,0.0,0,0.0,-8,-1.3,-393,-1.2
"39153","5","518","75","0","1999","A","","Summit County, Ohio","Private","Data processing, hosting and related services","County, NAICS 3-digit -- by ownership sector","All establishment sizes",27,428,17713096,0,0,796,41418,"",0.73,0.48,0.36,0.00,0.00,0.74,0.74,"",1,3.8,-27,-5.9,-3970767,-18.3,0,0.0,0,0.0,-121,-13.2,-6256,-13.1
"39165","5","518","75","0","1999","A","","Warren County, Ohio","Private","Data processing, hosting and related services","County, NAICS 3-digit -- by ownership sector","All establishment sizes",8,31,1004006,0,0,620,32214,"",1.05,0.16,0.11,0.00,0.00,0.66,0.66,"",0,0.0,3,10.7,262822,35.5,0,0.0,0,0.0,114,22.5,5900,22.4
"40000","5","518","55","0","1999","A","","Oklahoma -- Statewide","Private","Data processing, hosting and related services","State, NAICS 3-digit -- by ownership sector","All establishment sizes",177,3258,112009659,0,0,661,34384,"",0.76,0.68,0.52,0.00,0.00,0.76,0.75,"",16,9.9,417,14.7,32947207,41.7,0,0.0,0,0.0,126,23.6,6553,23.5
"40027","5","518","75","0","1999","A","","Cleveland County, Oklahoma","Private","Data processing, hosting and related services","County, NAICS 3-digit -- by ownership sector","All establishment sizes",10,66,1496843,0,0,434,22565,"",1.10,0.34,0.19,0.00,0.00,0.56,0.56,"",2,25.0,5,8.2,411433,37.9,0,0.0,0,0.0,93,27.3,4844,27.3
"40109","5","518","75","0","1999","A","","Oklahoma County, Oklahoma","Private","Data processing, hosting and related services","County, NAICS 3-digit -- by ownership sector","All establishment sizes",61,1905,61594955,0,0,622,32328,"",1.11,1.41,0.93,0.00,0.00,0.66,0.66,"",5,8.9,-107,-5.3,9064904,17.3,0,0.0,0,0.0,120,23.9,6224,23.8
"40143","5","518","75","0","1999","A","","Tulsa County, Oklahoma","Private","Data processing, hosting and related services","County, NAICS 3-digit -- by ownership sector","All establishment sizes",46,1105,43792307,0,0,762,39637,"",0.99,0.99,0.74,0.00,0.00,0.75,0.75,"",6,15.0,508,85.1,23132055,112.0,0,0.0,0,0.0,96,14.4,5030,14.5
"41000","5","518","55","0","1999","A","","Oregon -- Statewide","Private","Data processing, hosting and related services","State, NAICS 3-digit -- by ownership sector","All establishment sizes",257,3480,169624446,0,0,937,48740,"",0.88,0.66,0.59,0.00,0.00,0.89,0.89,"",29,12.7,330,10.5,38078831,28.9,0,0.0,0,0.0,134,16.7,6976,16.7
"41005","5","518","75","0","1999","A","","Clackamas County, Oregon","Private","Data processing, hosting and related services","County, NAICS 3-digit -- by ownership sector","All establishment sizes",16,139,4875244,0,0,672,34969,"",0.60,0.32,0.20,0.00,0.00,0.63,0.63,"",3,23.1,4,3.0,503906,11.5,0,0.0,0,0.0,47,7.5,2468,7.6
"41047","5","518","75","0","1999","A","","Marion County, Oregon","Private","Data processing, hosting and related services","County, NAICS 3-digit -- by ownership sector","All establishment sizes",14,46,1464336,0,0,613,31891,"",0.68,0.11,0.07,0.00,0.00,0.66,0.66,"",1,7.7,16,53.3,679057,86.5,0,0.0,0,0.0,114,22.8,5931,22.8
"41051","5","518","75","0","1999","A","","Multnomah County, Oregon","Private","Data processing, hosting and related services","County, NAICS 3-digit -- by ownership sector","All establishment sizes",68,2018,109156914,0,0,1040,54080,"",1.06,1.36,1.19,0.00,0.00,0.88,0.88,"",-5,-6.8,61,3.1,17230965,18.7,0,0.0,0,0.0,137,15.2,7103,15.1
"41067","5","518","75","0","1999","A","","Washington County, Oregon","Private","Data processing, hosting and related services","County, NAICS 3-digit -- by ownership sector","All establishment sizes",44,484,22510366,0,0,894,46501,"",1.27,0.67,0.45,0.00,0.00,0.67,0.67,"",5,12.8,129,36.3,8846309,64.7,0,0.0,0,0.0,154,20.8,8047,20.9
"42000","5","518","55","0","1999","A","","Pennsylvania -- Statewide","Private","Data processing, hosting and related services","State, NAICS 3-digit -- by ownership sector","All establishment sizes",1005,20041,1135414513,0,0,1089,56654,"",1.28,1.09,1.07,0.00,0.00,0.98,0.98,"",217,27.5,1554,8.4,139237650,14.0,0,0.0,0,0.0,53,5.1,2768,5.1
"42003","5","518","75","0","1999","A","","Allegheny County, Pennsylvania","Private","Data processing, hosting and related services","County, NAICS 3-digit -- by ownership sector","All establishment sizes",110,2558,118716375,0,0,893,46414,"",1.23,1.08,0.80,0.00,0.00,0.74,0.74,"",12,12.2,159,6.6,6800908,6.1,0,0.0,0,0.0,-4,-0.4,-230,-0.5
"42007","5","518","75","0","1999","A","","Beaver County, Pennsylvania","Private","Data processing, hosting and related services","County, NAICS 3-digit -- by ownership sector","All establishment sizes",5,44,1072552,0,0,472,24562,"",0.56,0.24,0.11,0.00,0.00,0.49,0.49,"N",0,0,0,0,0,0,0,0,0,0,0,0,0,0
"42011","5","518","75","0","1999","A","","Berks County, Pennsylvania","Private","Data processing, hosting and related services","County, NAICS 3-digit -- by ownership sector","All establishment sizes",20,361,9104841,0,0,486,25256,"",0.95,0.65,0.30,0.00,0.00,0.46,0.46,"",5,33.3,-10,-2.7,-857432,-8.6,0,0.0,0,0.0,-30,-5.8,-1578,-5.9
"42017","5","518","75","0","1999","A","","Bucks County, Pennsylvania","Private","Data processing, hosting and related services","County, NAICS 3-digit -- by ownership sector","All establishment sizes",66,485,30109327,0,0,1194,62070,"",1.54,0.61,0.65,0.00,0.00,1.07,1.07,"",19,40.4,193,66.1,18517446,159.7,0,0.0,0,0.0,430,56.3,22326,56.2
"42019","5","518","75","0","1999","A","","Butler County, Pennsylvania","Private","Data processing, hosting and related services","County, NAICS 3-digit -- by ownership sector","All establishment sizes",9,121,4680588,0,0,746,38789,"",0.86,0.56,0.41,0.00,0.00,0.75,0.75,"",0,0.0,19,18.6,1388222,42.2,0,0.0,0,0.0,127,20.5,6590,20.5
"42027","5","518","75","0","1999","A","","Centre County, Pennsylvania","Private","Data processing, hosting and related services","County, NAICS 3-digit -- by ownership sector","All establishment sizes",5,48,665429,0,0,268,13911,"",0.65,0.23,0.07,0.00,0.00,0.28,0.28,"",1,25.0,26,118.2,-19770,-2.9,0,0.0,0,0.0,-336,-55.6,-17472,-55.7
"42029","5","518","75","0","1999","A","","Chester County, Pennsylvania","Private","Data processing, hosting and related services","County, NAICS 3-digit -- by ownership sector","All establishment sizes",79,1370,78436197,0,0,1101,57235,"",2.39,1.94,1.54,0.00,0.00,0.79,0.79,"",11,16.2,366,36.5,28193516,56.1,0,0.0,0,0.0,139,14.4,7192,14.4
"42043","5","518","75","0","1999","A","","Dauphin County, Pennsylvania","Private","Data processing, hosting and related services","County, NAICS 3-digit -- by ownership sector","All establishment sizes",14,196,7191948,0,0,704,36616,"",0.84,0.35,0.22,0.00,0.00,0.63,0.63,"",1,7.7,24,14.0,2190377,43.8,0,0.0,0,0.0,145,25.9,7523,25.9
"42045","5","518","75","0","1999","A","","Delaware County, Pennsylvania","Private","Data processing, hosting and related services","County, NAICS 3-digit -- by ownership sector","All establishment sizes",62,1240,73701522,0,0,1143,59441,"",1.81,1.72,1.65,0.00,0.00,0.96,0.96,"",9,17.0,-64,-4.9,3890052,5.6,0,0.0,0,0.0,114,11.1,5915,11.1
"42049","5","518","75","0","1999","A","","Erie County, Pennsylvania","Private","Data processing, hosting and related services","County, NAICS 3-digit -- by ownership sector","All establishment sizes",10,107,3334714,0,0,599,31141,"",0.58,0.25,0.16,0.00,0.00,0.63,0.63,"",1,11.1,10,10.3,425559,14.6,0,0.0,0,0.0,25,4.4,1278,4.3
"42055","5","518","75","0","1999","A","","Franklin County, Pennsylvania","Private","Data processing, hosting and related services","County, NAICS 3-digit -- by ownership sector","All establishment sizes",8,24,502060,0,0,402,20919,"",1.13,0.15,0.07,0.00,0.00,0.44,0.44,"",-1,-11.1,0,0.0,-213281,-29.8,0,0.0,0,0.0,-163,-28.8,-8479,-28.8
"42071","5","518","75","0","1999","A","","Lancaster County, Pennsylvania","Private","Data processing, hosting and related services","County, NAICS 3-digit -- by ownership sector","All establishment sizes",13,164,10106485,0,0,1189,61813,"",0.47,0.23,0.27,0.00,0.00,1.19,1.18,"",3,30.0,44,36.7,2603434,34.7,0,0.0,0,0.0,-12,-1.0,-626,-1.0
"42077","5","518","75","0","1999","A","","Lehigh County, Pennsylvania","Private","Data processing, hosting and related services","County, NAICS 3-digit -- by ownership sector","All establishment sizes",19,182,6899199,0,0,731,37995,"",0.96,0.33,0.20,0.00,0.00,0.63,0.63,"",-1,-5.0,-22,-10.8,-944719,-12.0,0,0.0,0,0.0,-10,-1.3,-519,-1.3
"42079","5","518","75","0","1999","A","","Luzerne County, Pennsylvania","Private","Data processing, hosting and related services","County, NAICS 3-digit -- by ownership sector","All establishment sizes",18,362,9318115,0,0,494,25711,"",0.92,0.77,0.42,0.00,0.00,0.55,0.55,"",1,5.9,-102,-22.0,-7836377,-45.7,0,0.0,0,0.0,-217,-30.5,-11286,-30.5
"42081","5","518","75","0","1999","A","","Lycoming County, Pennsylvania","Private","Data processing, hosting and related services","County, NAICS 3-digit -- by ownership sector","All establishment sizes",5,38,1127141,0,0,578,30057,"",0.67,0.22,0.14,0.00,0.00,0.65,0.65,"",0,0.0,5,15.2,-191886,-14.5,0,0.0,0,0.0,-202,-25.9,-10528,-25.9
"42085","5","518","75","0","1999","A","","Mercer County, Pennsylvania","Private","Data processing, hosting and related services","County, NAICS 3-digit -- by ownership sector","All establishment sizes",4,27,789154,0,0,560,29138,"",0.54,0.17,0.11,0.00,0.00,0.65,0.65,"",1,33.3,-4,-12.9,-96430,-10.9,0,0.0,0,0.0,6,1.1,339,1.2
"42091","5","518","75","0","1999","A","","Montgomery County, Pennsylvania","Private","Data processing, hosting and related services","County, NAICS 3-digit -- by ownership sector","All establishment sizes",143,6473,463719279,0,0,1378,71641,"",2.13,4.12,4.00,0.00,0.00,0.97,0.97,"",34,31.2,122,1.9,14994672,3.3,0,0.0,0,0.0,19,1.4,986,1.4
"42095","5","518","75","0","1999","A","","Northampton County, Pennsylvania","Private","Data processing, hosting and related services","County, NAICS 3-digit -- by ownership sector","All establishment sizes",16,632,27184002,0,0,827,42990,"",1.11,2.20,1.80,0.00,0.00,0.82,0.82,"",2,14.3,153,31.9,6558398,31.8,0,0.0,0,0.0,-1,-0.1,-62,-0.1
"42097","5","518","75","0","1999","A","","Northumberland County, Pennsylvania","Private","Data processing, hosting and related services","County, NAICS 3-digit -- by ownership sector","All establishment sizes",4,39,916297,0,0,449,23345,"",0.83,0.38,0.20,0.00,0.00,0.52,0.52,"",0,0.0,-11,-22.0,76621,9.1,0,0.0,0,0.0,124,38.2,6439,38.1
"42101","5","518","75","0","1999","A","","Philadelphia County, Pennsylvania","Private","Data processing, hosting and related services","County, NAICS 3-digit -- by ownership sector","All establishment sizes",74,818,61569974,0,0,1448,75277,"",1.09,0.37,0.42,0.00,0.00,1.12,1.12,"",17,29.8,209,34.3,11836029,23.8,0,0.0,0,0.0,-122,-7.8,-6377,-7.8
"42125","5","518","75","0","1999","A","","Washington County, Pennsylvania","Private","Data processing, hosting and related services","County, NAICS 3-digit -- by ownership sector","All establishment sizes",7,74,2842109,0,0,736,38278,"",0.58,0.32,0.24,0.00,0.00,0.75,0.75,"",2,40.0,12,19.4,719888,33.9,0,0.0,0,0.0,76,11.5,3956,11.5
"42129","5","518","75","0","1999","A","","Westmoreland County, Pennsylvania","Private","Data processing, hosting and related services","County, NAICS 3-digit -- by ownership sector","All establishment sizes",10,74,2555489,0,0,669,34769,"",0.44,0.17,0.12,0.00,0.00,0.71,0.71,"",1,11.1,-64,-46.4,-1484440,-36.7,0,0.0,0,0.0,104,18.4,5388,18.3
"42133","5","518","75","0","1999","A","","York County, Pennsylvania","Private","Data processing, hosting and related services","County, NAICS 3-digit -- by ownership sector","All establishment sizes",25,803,29582759,0,0,708,36821,"",1.22,1.46,1.02,0.00,0.00,0.70,0.70,"",4,19.0,370,85.5,12744161,75.7,0,0.0,0,0.0,-40,-5.3,-2090,-5.4
"44000","5","518","55","0","1999","A","","Rhode Island -- Statewide","Private","Data processing, hosting and related services","State, NAICS 3-digit -- by ownership sector","All establishment sizes",64,2387,144368406,0,0,1163,60475,"",0.75,1.56,1.71,0.00,0.00,1.10,1.10,"",4,6.7,-14,-0.6,17092767,13.4,0,0.0,0,0.0,144,14.1,7466,14.1
"44003","5","518","75","0","1999","A","","Kent County, Rhode Island","Private","Data processing, hosting and related services","County, NAICS 3-digit -- by ownership sector","All establishment sizes",6,74,5799354,0,0,1514,78724,"",0.44,0.30,0.46,0.00,0.00,1.53,1.53,"",-2,-25.0,-21,-22.1,135505,2.4,0,0.0,0,0.0,367,32.0,19105,32.0
"44007","5","518","75","0","1999","A","","Providence County, Rhode Island","Private","Data processing, hosting and related services","County, NAICS 3-digit -- by ownership sector","All establishment sizes",38,2260,136276201,0,0,1159,60293,"",0.84,2.36,2.51,0.00,0.00,1.06,1.06,"",2,5.6,-4,-0.2,16297217,13.6,0,0.0,0,0.0,140,13.7,7305,13.8
"45000","5","518","55","0","1999","A","","South Carolina -- Statewide","Private","Data processing, hosting and related services","State, NAICS 3-digit -- by ownership sector","All establishment sizes",158,3700,191131201,0,0,994,51664,"",0.54,0.62,0.66,0.00,0.00,1.07,1.07,"",25,18.8,164,4.6,-8567709,-4.3,0,0.0,0,0.0,-92,-8.5,-4820,-8.5
"45019","5","518","75","0","1999","A","","Charleston County, South Carolina","Private","Data processing, hosting and related services","County, NAICS 3-digit -- by ownership sector","All establishment sizes",16,241,10770312,0,0,860,44736,"",0.54,0.40,0.38,0.00,0.00,0.95,0.95,"",3,23.1,39,19.3,1578799,17.2,0,0.0,0,0.0,-14,-1.6,-729,-1.6
"45063","5","518","75","0","1999","A","","Lexington County, South Carolina","Private","Data processing, hosting and related services","County, NAICS 3-digit -- by ownership sector","All establishment sizes",9,85,1586632,0,0,359,18685,"",0.67,0.32,0.13,0.00,0.00,0.40,0.40,"",2,28.6,-7,-7.6,-79596,-4.8,0,0.0,0,0.0,10,2.9,541,3.0
"46000","2","518","55","0","1999","A","","South Dakota -- Statewide","State Government","Data processing, hosting and related services","State, NAICS 3-digit -- by ownership sector","All establishment sizes",12,222,7740794,0,0,672,34921,"",121.27,44.18,49.08,0.00,0.00,1.11,1.11,"",2,20.0,13,6.2,350360,4.7,0,0.0,0,0.0,-9,-1.3,-482,-1.4
"46000","5","518","55","0","1999","A","","South Dakota -- Statewide","Private","Data processing, hosting and related services","State, NAICS 3-digit -- by ownership sector","All establishment sizes",30,143,3808772,0,0,511,26588,"",0.43,0.12,0.08,0.00,0.00,0.63,0.63,"",3,11.1,28,24.3,831560,27.9,0,0.0,0,0.0,14,2.8,737,2.9
"46099","5","518","75","0","1999","A","","Minnehaha County, South Dakota","Private","Data processing, hosting and related services","County, NAICS 3-digit -- by ownership sector","All establishment sizes",12,35,1117325,0,0,617,32076,"",0.83,0.10,0.07,0.00,0.00,0.67,0.67,"",-1,-7.7,-7,-16.7,-105012,-8.6,0,0.0,0,0.0,55,9.8,2857,9.8
"47000","5","518","55","0","1999","A","","Tennessee -- Statewide","Private","Data processing, hosting and related services","State, NAICS 3-digit -- by ownership sector","All establishment sizes",246,3679,170435069,0,0,891,46330,"",0.75,0.42,0.37,0.00,0.00,0.89,0.89,"",42,20.6,252,7.4,23590890,16.1,0,0.0,0,0.0,67,8.1,3484,8.1
"47037","5","518","75","0","1999","A","","Davidson County, Tennessee","Private","Data processing, hosting and related services","County, NAICS 3-digit -- by ownership sector","All establishment sizes",56,1430,76323854,0,0,1026,53361,"",1.25,1.00,0.91,0.00,0.00,0.91,0.91,"",11,24.4,38,2.7,9019173,13.4,0,0.0,0,0.0,96,10.3,5022,10.4
"47157","5","518","75","0","1999","A","","Shelby County, Tennessee","Private","Data processing, hosting and related services","County, NAICS 3-digit -- by ownership sector","All establishment sizes",47,569,24466057,0,0,827,43017,"",0.94,0.34,0.25,0.00,0.00,0.73,0.73,"",3,6.8,87,18.0,3581616,17.1,0,0.0,0,0.0,-7,-0.8,-342,-0.8
"47187","5","518","75","0","1999","A","","Williamson County, Tennessee","Private","Data processing, hosting and related services","County, NAICS 3-digit -- by ownership sector","All establishment sizes",7,129,4096581,0,0,612,31839,"",0.74,0.70,0.38,0.00,0.00,0.55,0.55,"",2,40.0,8,6.6,420056,11.4,0,0.0,0,0.0,30,5.2,1559,5.1
"48000","5","518","55","0","1999","A","","Texas -- Statewide","Private","Data processing, hosting and related services","State, NAICS 3-digit -- by ownership sector","All establishment sizes",1303,39776,2554801043,0,0,1235,64230,"",1.04,1.32,1.46,0.00,0.00,1.10,1.11,"",231,21.5,2634,7.1,442402734,20.9,0,0.0,0,0.0,141,12.9,7356,12.9
"48029","5","518","75","0","1999","A","","Bexar County, Texas","Private","Data processing, hosting and related services","County, NAICS 3-digit -- by ownership sector","All establishment sizes",58,3226,69650902,0,0,415,21589,"",0.78,1.52,0.65,0.00,0.00,0.43,0.43,"",2,3.6,358,12.5,-19704068,-22.1,0,0.0,0,0.0,-184,-30.7,-9571,-30.7
"48041","5","518","75","0","1999","A","","Brazos County, Texas","Private","Data processing, hosting and related services","County, NAICS 3-digit -- by ownership sector","All establishment sizes",11,92,3533245,0,0,739,38405,"",1.31,0.38,0.35,0.00,0.00,0.93,0.93,"",4,57.1,32,53.3,1101613,45.3,0,0.0,0,0.0,-36,-4.6,-1898,-4.7
"48061","5","518","75","0","1999","A","","Cameron County, Texas","Private","Data processing, hosting and related services","County, NAICS 3-digit -- by ownership sector","All establishment sizes",6,9,428062,0,0,906,47126,"",0.41,0.03,0.03,0.00,0.00,1.27,1.27,"N",0,0,0,0,0,0,0,0,0,0,0,0,0,0
"48113","5","518","75","0","1999","A","","Dallas County, Texas","Private","Data processing, hosting and related services","County, NAICS 3-digit -- by ownership sector","All establishment sizes",311,11868,931228286,0,0,1509,78463,"",1.74,2.35,2.53,0.00,0.00,1.07,1.07,"",48,18.3,1122,10.4,290132998,45.3,0,0.0,0,0.0,362,31.6,18803,31.5
"48121","5","518","75","0","1999","A","","Denton County, Texas","Private","Data processing, hosting and related services","County, NAICS 3-digit -- by ownership sector","All establishment sizes",29,261,13443103,0,0,990,51473,"",1.71,0.69,0.71,0.00,0.00,1.03,1.03,"",7,31.8,63,31.8,4178472,45.1,0,0.0,0,0.0,90,10.0,4662,10.0
"48157","5","518","75","0","1999","A","","Fort Bend County, Texas","Private","Data processing, hosting and related services","County, NAICS 3-digit -- by ownership sector","All establishment sizes",12,412,14289960,0,0,667,34698,"",0.95,1.45,0.84,0.00,0.00,0.58,0.58,"N",0,0,0,0,0,0,0,0,0,0,0,0,0,0
"48167","5","518","75","0","1999","A","","Galveston County, Texas","Private","Data processing, hosting and related services","County, NAICS 3-digit -- by ownership sector","All establishment sizes",9,21,1117332,0,0,1019,52996,"",0.77,0.07,0.08,0.00,0.00,1.06,1.06,"",2,28.6,0,0.0,-60356,-5.1,0,0.0,0,0.0,-55,-5.1,-2863,-5.1
"48201","5","518","75","0","1999","A","","Harris County, Texas","Private","Data processing, hosting and related services","County, NAICS 3-digit -- by ownership sector","All establishment sizes",268,5666,311006620,0,0,1056,54889,"",1.21,0.95,0.76,0.00,0.00,0.80,0.80,"",44,19.6,106,1.9,10481316,3.5,0,0.0,0,0.0,17,1.6,841,1.6
"48209","5","518","75","0","1999","A","","Hays County, Texas","Private","Data processing, hosting and related services","County, NAICS 3-digit -- by ownership sector","All establishment sizes",5,22,646309,0,0,576,29945,"",1.00,0.20,0.14,0.00,0.00,0.75,0.75,"",0,0.0,10,83.3,331596,105.4,0,0.0,0,0.0,65,12.7,3350,12.6
"48245","5","518","75","0","1999","A","","Jefferson County, Texas","Private","Data processing, hosting and related services","County, NAICS 3-digit -- by ownership sector","All establishment sizes",9,281,11455210,0,0,785,40826,"",0.59,0.70,0.52,0.00,0.00,0.74,0.74,"",0,0.0,8,2.9,2065263,22.0,0,0.0,0,0.0,124,18.8,6431,18.7
"48251","5","518","75","0","1999","A","","Johnson County, Texas","Private","Data processing, hosting and related services","County, NAICS 3-digit -- by ownership sector","All establishment sizes",5,47,906276,0,0,368,19147,"",0.96,0.45,0.21,0.00,0.00,0.45,0.45,"",0,0.0,-11,-19.0,-55145,-5.7,0,0.0,0,0.0,50,15.7,2618,15.8
"48309","5","518","75","0","1999","A","","McLennan County, Texas","Private","Data processing, hosting and related services","County, NAICS 3-digit -- by ownership sector","All establishment sizes",9,215,4455750,0,0,398,20700,"",0.75,0.66,0.29,0.00,0.00,0.44,0.44,"",1,12.5,136,172.2,1565672,54.2,0,0.0,0,0.0,-305,-43.4,-15845,-43.4
"48329","5","518","75","0","1999","A","","Midland County, Texas","Private","Data processing, hosting and related services","County, NAICS 3-digit -- by ownership sector","All establishment sizes",9,61,1930182,0,0,604,31428,"",0.87,0.36,0.22,0.00,0.00,0.60,0.60,"",2,28.6,28,84.8,838319,76.8,0,0.0,0,0.0,-37,-5.8,-1911,-5.7
"48339","5","518","75","0","1999","A","","Montgomery County, Texas","Private","Data processing, hosting and related services","County, NAICS 3-digit -- by ownership sector","All establishment sizes",15,33,5733087,0,0,3324,172857,"",1.17,0.14,0.46,0.00,0.00,3.33,3.33,"",3,25.0,2,6.5,4713530,462.3,0,0.0,0,0.0,2683,418.6,139520,418.5
"48355","5","518","75","0","1999","A","","Nueces County, Texas","Private","Data processing, hosting and related services","County, NAICS 3-digit -- by ownership sector","All establishment sizes",19,122,3562142,0,0,562,29218,"",0.92,0.26,0.16,0.00,0.00,0.61,0.61,"",1,5.6,10,8.9,686244,23.9,0,0.0,0,0.0,70,14.2,3636,14.2
"48375","5","518","75","0","1999","A","","Potter County, Texas","Private","Data processing, hosting and related services","County, NAICS 3-digit -- by ownership sector","All establishment sizes",8,159,5750195,0,0,694,36089,"",0.75,0.63,0.50,0.00,0.00,0.79,0.79,"",0,0.0,48,43.2,-826698,-12.6,0,0.0,0,0.0,-442,-38.9,-22985,-38.9
"48439","5","518","75","0","1999","A","","Tarrant County, Texas","Private","Data processing, hosting and related services","County, NAICS 3-digit -- by ownership sector","All establishment sizes",82,2094,132431472,0,0,1216,63238,"",0.99,0.92,0.97,0.00,0.00,1.06,1.06,"",13,18.8,103,5.2,22986640,21.0,0,0.0,0,0.0,159,15.0,8277,15.1
"48441","5","518","75","0","1999","A","","Taylor County, Texas","Private","Data processing, hosting and related services","County, NAICS 3-digit -- by ownership sector","All establishment sizes",7,111,3037437,0,0,524,27262,"",0.79,0.61,0.41,0.00,0.00,0.67,0.67,"N",0,0,0,0,0,0,0,0,0,0,0,0,0,0
"48453","5","518","75","0","1999","A","","Travis County, Texas","Private","Data processing, hosting and related services","County, NAICS 3-digit -- by ownership sector","All establishment sizes",117,2649,155505302,0,0,1129,58714,"",1.99,1.55,1.33,0.00,0.00,0.86,0.86,"",18,18.2,464,21.2,38387504,32.8,0,0.0,0,0.0,98,9.5,5113,9.5
"48491","5","518","75","0","1999","A","","Williamson County, Texas","Private","Data processing, hosting and related services","County, NAICS 3-digit -- by ownership sector","All establishment sizes",10,35,733532,0,0,399,20760,"",1.02,0.15,0.03,0.00,0.00,0.22,0.22,"",3,42.9,5,16.7,106519,17.0,0,0.0,0,0.0,-7,-1.7,-375,-1.8
"49000","5","518","55","0","1999","A","","Utah -- Statewide","Private","Data processing, hosting and related services","State, NAICS 3-digit -- by ownership sector","All establishment sizes",246,7359,223918112,0,0,585,30430,"",1.46,2.16,1.33,0.00,0.00,0.62,0.62,"",41,20.0,585,8.6,47057843,26.6,0,0.0,0,0.0,83,16.5,4321,16.5
"49005","5","518","75","0","1999","A","","Cache County, Utah","Private","Data processing, hosting and related services","County, NAICS 3-digit -- by ownership sector","All establishment sizes",7,50,669677,0,0,260,13529,"",1.13,0.39,0.13,0.00,0.00,0.34,0.34,"",-1,-12.5,-7,-12.3,-500423,-42.8,0,0.0,0,0.0,-132,-33.7,-6850,-33.6
"49035","5","518","75","0","1999","A","","Salt Lake County, Utah","Private","Data processing, hosting and related services","County, NAICS 3-digit -- by ownership sector","All establishment sizes",140,4452,123287745,0,0,533,27692,"",1.76,2.57,1.31,0.00,0.00,0.51,0.51,"",18,14.8,-26,-0.6,12657609,11.4,0,0.0,0,0.0,58,12.2,2987,12.1
"49049","5","518","75","0","1999","A","","Utah County, Utah","Private","Data processing, hosting and related services","County, NAICS 3-digit -- by ownership sector","All establishment sizes",56,1447,53742937,0,0,714,37132,"",2.50,3.17,2.51,0.00,0.00,0.79,0.79,"",15,36.6,590,68.8,24162805,81.7,0,0.0,0,0.0,50,7.5,2613,7.6
"50000","5","518","55","0","1999","A","","Vermont -- Statewide","Private","Data processing, hosting and related services","State, NAICS 3-digit -- by ownership sector","All establishment sizes",45,739,18439033,0,0,480,24954,"",0.74,0.77,0.39,0.00,0.00,0.51,0.51,"",11,32.4,77,11.6,3095278,20.2,0,0.0,0,0.0,35,7.9,1791,7.7
"50007","5","518","75","0","1999","A","","Chittenden County, Vermont","Private","Data processing, hosting and related services","County, NAICS 3-digit -- by ownership sector","All establishment sizes",18,160,4944868,0,0,593,30825,"",1.25,0.53,0.28,0.00,0.00,0.53,0.53,"",3,20.0,-388,-70.8,-6777913,-57.8,0,0.0,0,0.0,181,43.9,9423,44.0
"51000","5","518","55","0","1999","A","","Virginia -- Statewide","Private","Data processing, hosting and related services","State, NAICS 3-digit -- by ownership sector","All establishment sizes",713,21182,2498998204,0,0,2269,117976,"",1.44,1.90,3.83,0.00,0.00,2.01,2.01,"",93,15.0,2174,11.4,418646094,20.1,0,0.0,0,0.0,164,7.8,8527,7.8
"51013","5","518","75","0","1999","A","","Arlington County, Virginia","Private","Data processing, hosting and related services","County, NAICS 3-digit -- by ownership sector","All establishment sizes",54,1255,70748130,0,0,1084,56392,"",3.26,2.47,1.59,0.00,0.00,0.65,0.65,"",4,8.0,32,2.6,10641229,17.7,0,0.0,0,0.0,139,14.7,7255,14.8
"51059","5","518","75","0","1999","A","","Fairfax County, Virginia","Private","Data processing, hosting and related services","County, NAICS 3-digit -- by ownership sector","All establishment sizes",234,10698,768301917,0,0,1381,71818,"",3.29,6.34,5.40,0.00,0.00,0.85,0.85,"",30,14.7,-1399,-11.6,-1026049645,-57.2,0,0.0,0,0.0,-1472,-51.6,-76513,-51.6
"51087","5","518","75","0","1999","A","","Henrico County, Virginia","Private","Data processing, hosting and related services","County, NAICS 3-digit -- by ownership sector","All establishment sizes",34,1582,68263466,0,0,830,43143,"",1.76,2.93,2.09,0.00,0.00,0.71,0.71,"",6,21.4,320,25.4,14047784,25.9,0,0.0,0,0.0,4,0.5,191,0.4
"51153","5","518","75","0","1999","A","","Prince William County, Virginia","Private","Data processing, hosting and related services","County, NAICS 3-digit -- by ownership sector","All establishment sizes",19,58,2711688,0,0,893,46420,"",1.56,0.23,0.22,0.00,0.00,0.95,0.95,"",3,18.8,8,16.0,873989,47.6,0,0.0,0,0.0,187,26.5,9727,26.5
"51179","5","518","75","0","1999","A","","Stafford County, Virginia","Private","Data processing, hosting and related services","County, NAICS 3-digit -- by ownership sector","All establishment sizes",5,25,877433,0,0,675,35097,"",1.39,0.33,0.26,0.00,0.00,0.78,0.78,"",0,0.0,2,8.7,-28301,-3.1,0,0.0,0,0.0,-82,-10.8,-4283,-10.9
"51510","5","518","75","0","1999","A","","Alexandria City, Virginia","Private","Data processing, hosting and related services","County, NAICS 3-digit -- by ownership sector","All establishment sizes",35,513,29683439,0,0,1114,57909,"",2.57,1.75,1.44,0.00,0.00,0.82,0.82,"",8,29.6,22,4.5,4456815,17.7,0,0.0,0,0.0,126,12.8,6522,12.7
"51540","5","518","75","0","1999","A","","Charlottesville City, Virginia","Private","Data processing, hosting and related services","County, NAICS 3-digit -- by ownership sector","All establishment sizes",7,61,2303073,0,0,730,37963,"",1.22,0.50,0.37,0.00,0.00,0.75,0.75,"",1,16.7,12,24.5,458848,24.9,0,0.0,0,0.0,0,0.0,3,0.0
"51610","5","518","75","0","1999","A","","Falls Church City, Virginia","Private","Data processing, hosting and related services","County, NAICS 3-digit -- by ownership sector","All establishment sizes",11,147,8078213,0,0,1057,54985,"",4.01,3.08,2.22,0.00,0.00,0.72,0.72,"",4,57.1,48,48.5,3418188,73.4,0,0.0,0,0.0,147,16.2,7675,16.2
"51650","5","518","75","0","1999","A","","Hampton City, Virginia","Private","Data processing, hosting and related services","County, NAICS 3-digit -- by ownership sector","All establishment sizes",6,40,1616131,0,0,777,40403,"",0.93,0.19,0.15,0.00,0.00,0.79,0.79,"N",0,0,0,0,0,0,0,0,0,0,0,0,0,0
"51710","5","518","75","0","1999","A","","Norfolk City, Virginia","Private","Data processing, hosting and related services","County, NAICS 3-digit -- by ownership sector","All establishment sizes",10,297,10613172,0,0,687,35725,"",0.70,0.61,0.40,0.00,0.00,0.66,0.66,"",-6,-37.5,-166,-35.9,-9744132,-47.9,0,0.0,0,0.0,-159,-18.8,-8283,-18.8
"51760","5","518","75","0","1999","A","","Richmond City, Virginia","Private","Data processing, hosting and related services","County, NAICS 3-digit -- by ownership sector","All establishment sizes",15,64,1923116,0,0,582,30246,"",0.83,0.12,0.05,0.00,0.00,0.46,0.46,"",4,36.4,-23,-26.4,-1087090,-36.1,0,0.0,0,0.0,-85,-12.7,-4420,-12.8
"51810","5","518","75","0","1999","A","","Virginia Beach City, Virginia","Private","Data processing, hosting and related services","County, NAICS 3-digit -- by ownership sector","All establishment sizes",25,360,12107376,0,0,646,33616,"",0.98,0.67,0.52,0.00,0.00,0.78,0.78,"",-3,-10.7,-36,-9.1,112389,0.9,0,0.0,0,0.0,64,11.0,3338,11.0
"53000","5","518","55","0","1999","A","","Washington -- Statewide","Private","Data processing, hosting and related services","State, NAICS 3-digit -- by ownership sector","All establishment sizes",424,4240,213631163,0,0,969,50390,"",0.77,0.48,0.38,0.00,0.00,0.80,0.80,"",106,33.3,1017,31.6,82782312,63.3,0,0.0,0,0.0,188,24.1,9788,24.1
"53011","5","518","75","0","1999","A","","Clark County, Washington","Private","Data processing, hosting and related services","County, NAICS 3-digit -- by ownership sector","All establishment sizes",13,115,4807737,0,0,801,41655,"",0.52,0.30,0.24,0.00,0.00,0.77,0.77,"",3,30.0,36,45.6,2519342,110.1,0,0.0,0,0.0,242,43.3,12596,43.3
"53033","5","518","75","0","1999","A","","King County, Washington","Private","Data processing, hosting and related services","County, NAICS 3-digit -- by ownership sector","All establishment sizes",232,2694,159088787,0,0,1135,59046,"",1.14,0.71,0.52,0.00,0.00,0.72,0.72,"",88,61.1,971,56.4,78581748,97.6,0,0.0,0,0.0,236,26.3,12317,26.4
"53035","5","518","75","0","1999","A","","Kitsap County, Washington","Private","Data processing, hosting and related services","County, NAICS 3-digit -- by ownership sector","All establishment sizes",41,134,3663630,0,0,524,27256,"",2.72,0.57,0.30,0.00,0.00,0.53,0.53,"",-9,-18.0,-37,-21.6,-1712220,-31.9,0,0.0,0,0.0,-79,-13.1,-4105,-13.1
"53053","5","518","75","0","1999","A","","Pierce County, Washington","Private","Data processing, hosting and related services","County, NAICS 3-digit -- by ownership sector","All establishment sizes",33,168,3847450,0,0,442,22958,"",0.67,0.22,0.10,0.00,0.00,0.45,0.45,"",9,37.5,8,5.0,-137601,-3.5,0,0.0,0,0.0,-38,-7.9,-2001,-8.0
"53061","5","518","75","0","1999","A","","Snohomish County, Washington","Private","Data processing, hosting and related services","County, NAICS 3-digit -- by ownership sector","All establishment sizes",22,176,4784930,0,0,524,27265,"",0.52,0.25,0.11,0.00,0.00,0.45,0.45,"",2,10.0,-29,-14.1,738613,18.3,0,0.0,0,0.0,144,37.9,7519,38.1
"53063","5","518","75","0","1999","A","","Spokane County, Washington","Private","Data processing, hosting and related services","County, NAICS 3-digit -- by ownership sector","All establishment sizes",21,71,1566625,0,0,427,22195,"",0.57,0.12,0.05,0.00,0.00,0.45,0.45,"",2,10.5,-61,-46.2,-1491962,-48.8,0,0.0,0,0.0,-17,-3.8,-918,-4.0
"53067","5","518","75","0","1999","A","","Thurston County, Washington","Private","Data processing, hosting and related services","County, NAICS 3-digit -- by ownership sector","All establishment sizes",9,55,2077324,0,0,723,37599,"",0.56,0.20,0.14,0.00,0.00,0.71,0.71,"",2,28.6,4,7.8,38688,1.9,0,0.0,0,0.0,-39,-5.1,-2050,-5.2
"54000","5","518","55","0","1999","A","","West Virginia -- Statewide","Private","Data processing, hosting and related services","State, NAICS 3-digit -- by ownership sector","All establishment sizes",81,915,22128891,0,0,465,24196,"",0.66,0.40,0.21,0.00,0.00,0.53,0.53,"",15,22.7,22,2.5,3367708,18.0,0,0.0,0,0.0,61,15.1,3187,15.2
"54049","5","518","75","0","1999","A","","Marion County, West Virginia","Private","Data processing, hosting and related services","County, NAICS 3-digit -- by ownership sector","All establishment sizes",4,83,2181916,0,0,507,26341,"",1.15,1.29,0.76,0.00,0.00,0.59,0.59,"",1,33.3,5,6.4,399477,22.4,0,0.0,0,0.0,66,15.0,3416,14.9
"54061","5","518","75","0","1999","A","","Monongalia County, West Virginia","Private","Data processing, hosting and related services","County, NAICS 3-digit -- by ownership sector","All establishment sizes",7,47,1408443,0,0,578,30074,"",1.30,0.35,0.23,0.00,0.00,0.65,0.65,"",1,16.7,-48,-50.5,-866409,-38.1,0,0.0,0,0.0,118,25.7,6128,25.6
"55000","5","518","55","0","1999","A","","Wisconsin -- Statewide","Private","Data processing, hosting and related services","State, NAICS 3-digit -- by ownership sector","All establishment sizes",243,9290,393793286,0,0,815,42391,"",0.64,1.03,0.83,0.00,0.00,0.81,0.81,"",23,10.5,1050,12.7,46683678,13.4,0,0.0,0,0.0,5,0.6,267,0.6
"55009","5","518","75","0","1999","A","","Brown County, Wisconsin","Private","Data processing, hosting and related services","County, NAICS 3-digit -- by ownership sector","All establishment sizes",9,207,4765304,0,0,444,23077,"",0.58,0.44,0.19,0.00,0.00,0.43,0.43,"",3,50.0,17,8.9,1356087,39.8,0,0.0,0,0.0,99,28.7,5142,28.7
"55025","5","518","75","0","1999","A","","Dane County, Wisconsin","Private","Data processing, hosting and related services","County, NAICS 3-digit -- by ownership sector","All establishment sizes",24,979,36862147,0,0,724,37656,"",0.76,1.09,0.74,0.00,0.00,0.68,0.68,"",2,9.1,34,3.6,4928434,15.4,0,0.0,0,0.0,74,11.4,3867,11.4
"55079","5","518","75","0","1999","A","","Milwaukee County, Wisconsin","Private","Data processing, hosting and related services","County, NAICS 3-digit -- by ownership sector","All establishment sizes",63,4791,239185183,0,0,960,49920,"",1.06,2.71,2.26,0.00,0.00,0.84,0.84,"",2,3.3,854,21.7,35307611,17.3,0,0.0,0,0.0,-36,-3.6,-1870,-3.6
"55087","5","518","75","0","1999","A","","Outagamie County, Wisconsin","Private","Data processing, hosting and related services","County, NAICS 3-digit -- by ownership sector","All establishment sizes",7,75,1892693,0,0,489,25405,"",0.61,0.24,0.12,0.00,0.00,0.49,0.49,"",1,16.7,-3,-3.8,298456,18.7,0,0.0,0,0.0,94,23.8,4856,23.6
"55089","5","518","75","0","1999","A","","Ozaukee County, Wisconsin","Private","Data processing, hosting and related services","County, NAICS 3-digit -- by ownership sector","All establishment sizes",8,44,1960663,0,0,865,44987,"",1.15,0.34,0.27,0.00,0.00,0.80,0.80,"",2,33.3,7,18.9,135990,7.5,0,0.0,0,0.0,-75,-8.0,-3888,-8.0
"55105","5","518","75","0","1999","A","","Rock County, Wisconsin","Private","Data processing, hosting and related services","County, NAICS 3-digit -- by ownership sector","All establishment sizes",12,456,7330592,0,0,309,16091,"",1.38,2.01,0.60,0.00,0.00,0.30,0.30,"",1,9.1,15,3.4,398771,5.8,0,0.0,0,0.0,6,2.0,361,2.3
"55127","5","518","75","0","1999","A","","Walworth County, Wisconsin","Private","Data processing, hosting and related services","County, NAICS 3-digit -- by ownership sector","All establishment sizes",6,21,908671,0,0,835,43442,"",0.88,0.16,0.15,0.00,0.00,0.96,0.96,"",0,0.0,-12,-36.4,-114249,-11.2,0,0.0,0,0.0,245,41.5,12754,41.6
"55131","5","518","75","0","1999","A","","Washington County, Wisconsin","Private","Data processing, hosting and related services","County, NAICS 3-digit -- by ownership sector","All establishment sizes",3,17,345088,0,0,390,20299,"",0.38,0.11,0.04,0.00,0.00,0.41,0.41,"",0,0.0,-1,-5.6,70182,25.5,0,0.0,0,0.0,99,34.0,5167,34.1
"55133","5","518","75","0","1999","A","","Waukesha County, Wisconsin","Private","Data processing, hosting and related services","County, NAICS 3-digit -- by ownership sector","All establishment sizes",26,1577,73232333,0,0,893,46440,"",0.81,2.17,1.67,0.00,0.00,0.77,0.77,"",6,30.0,102,6.9,7469300,11.4,0,0.0,0,0.0,35,4.1,1842,4.1
"55139","5","518","75","0","1999","A","","Winnebago County, Wisconsin","Private","Data processing, hosting and related services","County, NAICS 3-digit -- by ownership sector","All establishment sizes",6,38,1187104,0,0,597,31035,"",0.63,0.13,0.07,0.00,0.00,0.53,0.53,"",0,0.0,8,26.7,224075,23.3,0,0.0,0,0.0,-26,-4.2,-1336,-4.1
"56000","5","518","55","0","1999","A","","Wyoming -- Statewide","Private","Data processing, hosting and related services","State, NAICS 3-digit -- by ownership sector","All establishment sizes",31,190,3832454,0,0,388,20189,"",0.57,0.25,0.11,0.00,0.00,0.44,0.45,"",0,0.0,23,13.8,341359,9.8,0,0.0,0,0.0,-14,-3.5,-705,-3.4
"72000","5","518","55","0","1999","A","","Puerto Rico -- Statewide","Private","Data processing, hosting and related services","State, NAICS 3-digit -- by ownership sector","All establishment sizes",76,1316,46457445,0,0,679,35315,"",0.56,0.39,0.42,0.00,0.00,1.08,1.08,"",7,10.1,103,8.5,11104379,31.4,0,0.0,0,0.0,118,21.0,6160,21.1
"72127","5","518","75","0","1999","A","","San Juan Municipio, Puerto Rico","Private","Data processing, hosting and related services","County, NAICS 3-digit -- by ownership sector","All establishment sizes",45,1011,36101313,0,0,687,35726,"",1.26,0.93,0.92,0.00,0.00,0.98,0.98,"",6,15.4,105,11.6,9378769,35.1,0,0.0,0,0.0,120,21.2,6228,21.1
"C1042","5","518","45","0","1999","A","","Akron, OH MSA","Private","Data processing, hosting and related services","MSA, NAICS 3-digit -- by ownership sector","All establishment sizes",33,547,19954684,0,0,701,36475,"",0.73,0.51,0.34,0.00,0.00,0.66,0.66,"",4,13.8,-27,-4.7,-3127341,-13.5,0,0.0,0,0.0,-73,-9.4,-3773,-9.4
"C1058","5","518","45","0","1999","A","","Albany-Schenectady-Troy, NY MSA","Private","Data processing, hosting and related services","MSA, NAICS 3-digit -- by ownership sector","All establishment sizes",70,2331,78417797,0,0,647,33635,"",1.32,1.70,1.00,0.00,0.00,0.59,0.59,"",8,12.9,-575,-19.8,5459060,7.5,0,0.0,0,0.0,164,34.0,8532,34.0
"C1074","5","518","45","0","1999","A","","Albuquerque, NM MSA","Private","Data processing, hosting and related services","MSA, NAICS 3-digit -- by ownership sector","All establishment sizes",53,1724,69649667,0,0,777,40408,"",1.08,1.53,1.21,0.00,0.00,0.79,0.79,"",7,15.2,124,7.8,22895783,49.0,0,0.0,0,0.0,215,38.3,11187,38.3
"C1118","5","518","45","0","1999","A","","Ames, IA MSA","Private","Data processing, hosting and related services","MSA, NAICS 3-digit -- by ownership sector","All establishment sizes",9,33,582965,0,0,336,17489,"",1.53,0.24,0.09,0.00,0.00,0.36,0.36,"",2,28.6,17,106.2,348173,148.3,0,0.0,0,0.0,51,17.9,2660,17.9
"C1146","5","518","45","0","1999","A","","Ann Arbor, MI MSA","Private","Data processing, hosting and related services","MSA, NAICS 3-digit -- by ownership sector","All establishment sizes",25,840,43064907,0,0,986,51283,"",1.20,1.35,1.03,0.00,0.00,0.76,0.76,"",1,4.2,-41,-4.7,-653829,-1.5,0,0.0,0,0.0,31,3.2,1645,3.3
"C1154","5","518","45","0","1999","A","","Appleton, WI MSA","Private","Data processing, hosting and related services","MSA, NAICS 3-digit -- by ownership sector","All establishment sizes",7,75,1892693,0,0,489,25405,"",0.53,0.21,0.11,0.00,0.00,0.49,0.49,"",1,16.7,-3,-3.8,298456,18.7,0,0.0,0,0.0,94,23.8,4856,23.6
"C1170","5","518","45","0","1999","A","","Asheville, NC MSA","Private","Data processing, hosting and related services","MSA, NAICS 3-digit -- by ownership sector","All establishment sizes",19,547,14306882,0,0,503,26171,"",0.71,1.03,0.57,0.00,0.00,0.56,0.56,"",3,18.8,397,264.7,7676213,115.8,0,0.0,0,0.0,-348,-40.9,-18058,-40.8
"C1206","5","518","45","0","1999","A","","Atlanta-Sandy Springs-Roswell, GA MSA","Private","Data processing, hosting and related services","MSA, NAICS 3-digit -- by ownership sector","All establishment sizes",449,14474,856119300,0,0,1137,59148,"",1.45,2.03,1.83,0.00,0.00,0.90,0.90,"",67,17.5,673,4.9,220336831,34.7,0,0.0,0,0.0,251,28.3,13080,28.4
"C1210","5","518","45","0","1999","A","","Atlantic City-Hammonton, NJ MSA","Private","Data processing, hosting and related services","MSA, NAICS 3-digit -- by ownership sector","All establishment sizes",8,10,486151,0,0,951,49439,"",0.45,0.02,0.02,0.00,0.00,0.93,0.93,"",-1,-11.1,-43,-81.1,-1145641,-70.2,0,0.0,0,0.0,353,59.0,18357,59.1
"C1226","5","518","45","0","1999","A","","Augusta-Richmond County, GA-SC MSA","Private","Data processing, hosting and related services","MSA, NAICS 3-digit -- by ownership sector","All establishment sizes",14,148,8060416,0,0,1047,54432,"",0.52,0.22,0.23,0.00,0.00,1.05,1.05,"",4,40.0,54,57.4,3859152,91.9,0,0.0,0,0.0,184,21.3,9579,21.4
"C1270","5","518","45","0","1999","A","","Barnstable Town, MA MSA","Private","Data processing, hosting and related services","MSA, NAICS 3-digit -- by ownership sector","All establishment sizes",9,116,4125135,0,0,686,35690,"",0.42,0.41,0.27,0.00,0.00,0.68,0.68,"",0,0.0,-5,-4.1,99301,2.5,0,0.0,0,0.0,47,7.4,2487,7.5
"C1294","5","518","45","0","1999","A","","Baton Rouge, LA MSA","Private","Data processing, hosting and related services","MSA, NAICS 3-digit -- by ownership sector","All establishment sizes",53,362,16300655,0,0,867,45071,"",1.09,0.33,0.29,0.00,0.00,0.88,0.88,"",5,10.4,1,0.3,1531102,10.4,0,0.0,0,0.0,80,10.2,4130,10.1
"C1314","5","518","45","0","1999","A","","Beaumont-Port Arthur, TX MSA","Private","Data processing, hosting and related services","MSA, NAICS 3-digit -- by ownership sector","All establishment sizes",11,296,11766062,0,0,764,39739,"",0.53,0.57,0.42,0.00,0.00,0.74,0.74,"",1,10.0,7,2.4,2084570,21.5,0,0.0,0,0.0,119,18.4,6220,18.6
"C1382","5","518","45","0","1999","A","","Birmingham-Hoover, AL MSA","Private","Data processing, hosting and related services","MSA, NAICS 3-digit -- by ownership sector","All establishment sizes",40,1534,107736858,0,0,1351,70240,"",0.58,0.95,1.20,0.00,0.00,1.26,1.26,"",-2,-4.8,-49,-3.1,45056786,71.9,0,0.0,0,0.0,589,77.3,30634,77.3
"C1390","5","518","45","0","1999","A","","Bismarck, ND MSA","Private","Data processing, hosting and related services","MSA, NAICS 3-digit -- by ownership sector","All establishment sizes",11,411,12576617,0,0,588,30569,"",1.30,2.50,1.75,0.00,0.00,0.70,0.70,"",0,0.0,49,13.5,1620401,14.8,0,0.0,0,0.0,7,1.2,338,1.1
"C1426","5","518","45","0","1999","A","","Boise City, ID MSA","Private","Data processing, hosting and related services","MSA, NAICS 3-digit -- by ownership sector","All establishment sizes",32,205,7924053,0,0,745,38748,"",0.81,0.28,0.21,0.00,0.00,0.74,0.74,"",6,23.1,67,48.6,2852251,56.2,0,0.0,0,0.0,38,5.4,1974,5.4
"C1450","5","518","45","0","1999","A","","Boulder, CO MSA","Private","Data processing, hosting and related services","MSA, NAICS 3-digit -- by ownership sector","All establishment sizes",44,966,41833665,0,0,833,43321,"",1.49,1.73,1.06,0.00,0.00,0.61,0.61,"",4,10.0,215,28.6,830289,2.0,0,0.0,0,0.0,-217,-20.7,-11265,-20.6
"C1474","5","518","45","0","1999","A","","Bremerton-Silverdale, WA MSA","Private","Data processing, hosting and related services","MSA, NAICS 3-digit -- by ownership sector","All establishment sizes",41,134,3663630,0,0,524,27256,"",2.72,0.57,0.30,0.00,0.00,0.53,0.53,"",-9,-18.0,-37,-21.6,-1712220,-31.9,0,0.0,0,0.0,-79,-13.1,-4105,-13.1
"C1486","5","518","45","0","1999","A","","Bridgeport-Stamford-Norwalk, CT MSA","Private","Data processing, hosting and related services","MSA, NAICS 3-digit -- by ownership sector","All establishment sizes",98,1116,85095802,0,0,1467,76262,"",1.17,0.79,0.60,0.00,0.00,0.76,0.76,"",7,7.7,43,4.0,6724721,8.6,0,0.0,0,0.0,62,4.4,3223,4.4
"C1518","5","518","45","0","1999","A","","Brownsville-Harlingen, TX MSA","Private","Data processing, hosting and related services","MSA, NAICS 3-digit -- by ownership sector","All establishment sizes",6,9,428062,0,0,906,47126,"",0.41,0.03,0.03,0.00,0.00,1.27,1.27,"N",0,0,0,0,0,0,0,0,0,0,0,0,0,0
"C1594","5","518","45","0","1999","A","","Canton-Massillon, OH MSA","Private","Data processing, hosting and related services","MSA, NAICS 3-digit -- by ownership sector","All establishment sizes",14,125,4048538,0,0,621,32302,"",0.56,0.21,0.14,0.00,0.00,0.66,0.66,"",3,27.3,4,3.3,95157,2.4,0,0.0,0,0.0,-8,-1.3,-393,-1.2
"C1598","5","518","45","0","1999","A","","Cape Coral-Fort Myers, FL MSA","Private","Data processing, hosting and related services","MSA, NAICS 3-digit -- by ownership sector","All establishment sizes",18,41,1559896,0,0,741,38516,"",0.58,0.08,0.06,0.00,0.00,0.82,0.82,"",3,20.0,20,95.2,875700,128.0,0,0.0,0,0.0,99,15.4,5141,15.4
"C1674","5","518","45","0","1999","A","","Charlotte-Concord-Gastonia, NC-SC MSA","Private","Data processing, hosting and related services","MSA, NAICS 3-digit -- by ownership sector","All establishment sizes",135,7198,366461475,0,0,979,50912,"",1.28,2.92,2.40,0.00,0.00,0.82,0.82,"",18,15.4,438,6.5,48464483,15.2,0,0.0,0,0.0,74,8.2,3869,8.2
"C1698","5","518","45","0","1999","A","","Chicago-Naperville-Elgin, IL-IN-WI MSA","Private","Data processing, hosting and related services","MSA, NAICS 3-digit -- by ownership sector","All establishment sizes",639,16635,1289563905,0,0,1491,77520,"",1.09,1.15,1.30,0.00,0.00,1.13,1.13,"",42,7.0,-4882,-22.7,-62907499,-4.7,0,0.0,0,0.0,282,23.3,14664,23.3
"C1702","5","518","45","0","1999","A","","Chico, CA MSA","Private","Data processing, hosting and related services","MSA, NAICS 3-digit -- by ownership sector","All establishment sizes",5,11,232446,0,0,394,20510,"",0.28,0.05,0.02,0.00,0.00,0.48,0.48,"",1,25.0,-1,-8.3,79804,52.3,0,0.0,0,0.0,146,58.9,7611,59.0
"C1714","5","518","45","0","1999","A","","Cincinnati, OH-KY-IN MSA","Private","Data processing, hosting and related services","MSA, NAICS 3-digit -- by ownership sector","All establishment sizes",87,1142,54617447,0,0,920,47823,"",0.69,0.35,0.28,0.00,0.00,0.81,0.81,"",8,10.1,139,13.9,11791758,27.5,0,0.0,0,0.0,99,12.1,5115,12.0
"C1746","5","518","45","0","1999","A","","Cleveland-Elyria, OH MSA","Private","Data processing, hosting and related services","MSA, NAICS 3-digit -- by ownership sector","All establishment sizes",152,2602,106448021,0,0,787,40911,"",1.00,0.70,0.48,0.00,0.00,0.68,0.68,"",14,10.1,170,7.0,14337228,15.6,0,0.0,0,0.0,58,8.0,3029,8.0
"C1766","5","518","45","0","1999","A","","Coeur d'Alene, ID MSA","Private","Data processing, hosting and related services","MSA, NAICS 3-digit -- by ownership sector","All establishment sizes",8,47,1065690,0,0,434,22554,"",0.80,0.34,0.19,0.00,0.00,0.54,0.54,"",3,60.0,21,80.8,497586,87.6,0,0.0,0,0.0,19,4.6,980,4.5
"C1778","5","518","45","0","1999","A","","College Station-Bryan, TX MSA","Private","Data processing, hosting and related services","MSA, NAICS 3-digit -- by ownership sector","All establishment sizes",13,94,3667365,0,0,752,39119,"",1.29,0.36,0.34,0.00,0.00,0.95,0.95,"",5,62.5,33,54.1,1166739,46.7,0,0.0,0,0.0,-33,-4.2,-1708,-4.2
"C1786","5","518","45","0","1999","A","","Columbia, MO MSA","Private","Data processing, hosting and related services","MSA, NAICS 3-digit -- by ownership sector","All establishment sizes",5,95,3056714,0,0,617,32063,"",0.46,0.37,0.26,0.00,0.00,0.69,0.69,"",0,0.0,24,33.8,843501,38.1,0,0.0,0,0.0,17,2.8,854,2.7
"C1790","5","518","45","0","1999","A","","Columbia, SC MSA","Private","Data processing, hosting and related services","MSA, NAICS 3-digit -- by ownership sector","All establishment sizes",29,2749,151265175,0,0,1058,55027,"",0.66,2.57,2.86,0.00,0.00,1.11,1.11,"N",0,0,0,0,0,0,0,0,0,0,0,0,0,0
"C1814","5","518","45","0","1999","A","","Columbus, OH MSA","Private","Data processing, hosting and related services","MSA, NAICS 3-digit -- by ownership sector","All establishment sizes",106,4408,255540045,0,0,1115,57967,"",1.03,1.53,1.53,0.00,0.00,1.00,1.00,"",18,20.5,575,15.0,46780247,22.4,0,0.0,0,0.0,68,6.5,3498,6.4
"C1858","5","518","45","0","1999","A","","Corpus Christi, TX MSA","Private","Data processing, hosting and related services","MSA, NAICS 3-digit -- by ownership sector","All establishment sizes",21,131,3650403,0,0,538,27972,"",0.85,0.24,0.14,0.00,0.00,0.59,0.59,"",2,10.5,13,11.0,745584,25.7,0,0.0,0,0.0,64,13.5,3337,13.5
"C1910","5","518","45","0","1999","A","","Dallas-Fort Worth-Arlington, TX MSA","Private","Data processing, hosting and related services","MSA, NAICS 3-digit -- by ownership sector","All establishment sizes",494,24067,1873494465,0,0,1497,77844,"",1.51,2.76,3.22,0.00,0.00,1.17,1.17,"",77,18.5,794,3.4,382507019,25.7,0,0.0,0,0.0,265,21.5,13778,21.5
"C1934","5","518","45","0","1999","A","","Davenport-Moline-Rock Island, IA-IL MSA","Private","Data processing, hosting and related services","MSA, NAICS 3-digit -- by ownership sector","All establishment sizes",21,243,8525882,0,0,675,35110,"",0.78,0.39,0.27,0.00,0.00,0.68,0.68,"",5,31.2,46,23.4,2518055,41.9,0,0.0,0,0.0,88,15.0,4562,14.9
"C1938","5","518","45","0","1999","A","","Dayton, OH MSA","Private","Data processing, hosting and related services","MSA, NAICS 3-digit -- by ownership sector","All establishment sizes",63,1658,73481923,0,0,852,44324,"",1.25,1.19,0.91,0.00,0.00,0.77,0.77,"",1,1.6,-109,-6.2,-543073,-0.7,0,0.0,0,0.0,47,5.8,2441,5.8
"C1966","5","518","45","0","1999","A","","Deltona-Daytona Beach-Ormond Beach, FL MSA","Private","Data processing, hosting and related services","MSA, NAICS 3-digit -- by ownership sector","All establishment sizes",17,94,2269373,0,0,466,24228,"",0.65,0.20,0.12,0.00,0.00,0.58,0.58,"",2,13.3,-61,-39.4,-2751929,-54.8,0,0.0,0,0.0,-157,-25.2,-8167,-25.2
"C1974","5","518","45","0","1999","A","","Denver-Aurora-Lakewood, CO MSA","Private","Data processing, hosting and related services","MSA, NAICS 3-digit -- by ownership sector","All establishment sizes",274,6625,319679435,0,0,928,48253,"",1.50,1.75,1.25,0.00,0.00,0.71,0.71,"",30,12.3,1461,28.3,75298299,30.8,0,0.0,0,0.0,18,2.0,928,2.0
"C1978","5","518","45","0","1999","A","","Des Moines-West Des Moines, IA MSA","Private","Data processing, hosting and related services","MSA, NAICS 3-digit -- by ownership sector","All establishment sizes",75,3465,112260076,0,0,623,32402,"",1.68,3.59,2.05,0.00,0.00,0.57,0.57,"",10,15.4,1417,69.2,40182126,55.7,0,0.0,0,0.0,-54,-8.0,-2795,-7.9
"C1982","5","518","45","0","1999","A","","Detroit-Warren-Dearborn, MI MSA","Private","Data processing, hosting and related services","MSA, NAICS 3-digit -- by ownership sector","All establishment sizes",159,3556,181314016,0,0,981,50994,"",0.59,0.52,0.37,0.00,0.00,0.71,0.71,"",11,7.4,50,1.4,28739190,18.8,0,0.0,0,0.0,144,17.2,7470,17.2
"C2050","5","518","45","0","1999","A","","Durham-Chapel Hill, NC MSA","Private","Data processing, hosting and related services","MSA, NAICS 3-digit -- by ownership sector","All establishment sizes",39,1279,65538098,0,0,985,51245,"",1.37,1.54,1.16,0.00,0.00,0.75,0.75,"",10,34.5,397,45.0,18435415,39.1,0,0.0,0,0.0,-42,-4.1,-2134,-4.0
"C2150","5","518","45","0","1999","A","","Erie, PA MSA","Private","Data processing, hosting and related services","MSA, NAICS 3-digit -- by ownership sector","All establishment sizes",10,107,3334714,0,0,599,31141,"",0.58,0.25,0.16,0.00,0.00,0.63,0.63,"",1,11.1,10,10.3,425559,14.6,0,0.0,0,0.0,25,4.4,1278,4.3
"C2214","5","518","45","0","1999","A","","Farmington, NM MSA","Private","Data processing, hosting and related services","MSA, NAICS 3-digit -- by ownership sector","All establishment sizes",3,20,419501,0,0,408,21241,"",0.45,0.14,0.06,0.00,0.00,0.45,0.45,"",0,0.0,7,53.8,226240,117.1,0,0.0,0,0.0,118,40.7,6182,41.1
"C2266","5","518","45","0","1999","A","","Fort Collins, CO MSA","Private","Data processing, hosting and related services","MSA, NAICS 3-digit -- by ownership sector","All establishment sizes",20,172,3946757,0,0,441,22946,"",0.97,0.45,0.20,0.00,0.00,0.43,0.43,"",3,17.6,19,12.4,719203,22.3,0,0.0,0,0.0,35,8.6,1839,8.7
"C2302","5","518","45","0","1999","A","","Fort Walton Beach-Crestview-Destin, FL MSA","Private","Data processing, hosting and related services","MSA, NAICS 3-digit -- by ownership sector","All establishment sizes",10,228,10084989,0,0,851,44232,"",0.86,0.96,1.00,0.00,0.00,1.04,1.04,"",1,11.1,45,24.6,3341408,49.5,0,0.0,0,0.0,141,19.9,7298,19.8
"C2306","5","518","45","0","1999","A","","Fort Wayne, IN MSA","Private","Data processing, hosting and related services","MSA, NAICS 3-digit -- by ownership sector","All establishment sizes",16,418,23476489,0,0,1080,56164,"",0.64,0.59,0.61,0.00,0.00,1.03,1.03,"",-1,-5.9,-5,-1.2,1057468,4.7,0,0.0,0,0.0,60,5.9,3101,5.8
"C2342","5","518","45","0","1999","A","","Fresno, CA MSA","Private","Data processing, hosting and related services","MSA, NAICS 3-digit -- by ownership sector","All establishment sizes",25,161,6579903,0,0,788,40996,"",0.36,0.15,0.14,0.00,0.00,0.93,0.93,"",4,19.0,-53,-24.8,-1892429,-22.3,0,0.0,0,0.0,27,3.5,1436,3.6
"C2434","5","518","45","0","1999","A","","Grand Rapids-Wyoming, MI MSA","Private","Data processing, hosting and related services","MSA, NAICS 3-digit -- by ownership sector","All establishment sizes",22,218,6683066,0,0,590,30680,"",0.50,0.17,0.09,0.00,0.00,0.53,0.53,"",3,15.8,-139,-38.9,-8251431,-55.3,0,0.0,0,0.0,-214,-26.6,-11124,-26.6
"C2450","5","518","45","0","1999","A","","Great Falls, MT MSA","Private","Data processing, hosting and related services","MSA, NAICS 3-digit -- by ownership sector","All establishment sizes",5,28,833430,0,0,571,29677,"",0.71,0.26,0.19,0.00,0.00,0.72,0.72,"",2,66.7,5,21.7,288808,53.0,0,0.0,0,0.0,119,26.3,6168,26.2
"C2466","5","518","45","0","1999","A","","Greensboro-High Point, NC MSA","Private","Data processing, hosting and related services","MSA, NAICS 3-digit -- by ownership sector","All establishment sizes",45,1905,85630560,0,0,865,44960,"",0.94,1.57,1.34,0.00,0.00,0.85,0.85,"",7,18.4,310,19.4,20958089,32.4,0,0.0,0,0.0,85,10.9,4413,10.9
"C2518","5","518","45","0","1999","A","","Hagerstown-Martinsburg, MD-WV MSA","Private","Data processing, hosting and related services","MSA, NAICS 3-digit -- by ownership sector","All establishment sizes",6,17,1103069,0,0,1224,63639,"",0.47,0.06,0.08,0.00,0.00,1.32,1.32,"",0,0.0,-8,-32.0,-271784,-19.8,0,0.0,0,0.0,184,17.7,9546,17.6
"C2542","5","518","45","0","1999","A","","Harrisburg-Carlisle, PA MSA","Private","Data processing, hosting and related services","MSA, NAICS 3-digit -- by ownership sector","All establishment sizes",34,2223,108948768,0,0,943,49019,"",1.06,2.20,1.89,0.00,0.00,0.86,0.86,"",0,0.0,-260,-10.5,3268198,3.1,0,0.0,0,0.0,125,15.3,6462,15.2
"C2554","5","518","45","0","1999","A","","Hartford-West Hartford-East Hartford, CT MSA","Private","Data processing, hosting and related services","MSA, NAICS 3-digit -- by ownership sector","All establishment sizes",73,1752,86537015,0,0,950,49391,"",0.87,0.87,0.61,0.00,0.00,0.70,0.70,"",-3,-3.9,-122,-6.5,781206,0.9,0,0.0,0,0.0,70,8.0,3640,8.0
"C2586","5","518","45","0","1999","A","","Hickory-Lenoir-Morganton, NC MSA","Private","Data processing, hosting and related services","MSA, NAICS 3-digit -- by ownership sector","All establishment sizes",8,154,3637927,0,0,454,23623,"",0.39,0.26,0.13,0.00,0.00,0.51,0.51,"",2,33.3,69,81.2,1227085,50.9,0,0.0,0,0.0,-93,-17.0,-4796,-16.9
"C2610","5","518","45","0","1999","A","","Holland-Grand Haven, MI MSA","Private","Data processing, hosting and related services","MSA, NAICS 3-digit -- by ownership sector","All establishment sizes",6,39,2026585,0,0,1012,52639,"",0.43,0.10,0.10,0.00,0.00,0.96,0.96,"N",0,0,0,0,0,0,0,0,0,0,0,0,0,0
"C2618","5","518","45","0","1999","A","","Honolulu, HI MSA","Private","Data processing, hosting and related services","MSA, NAICS 3-digit -- by ownership sector","All establishment sizes",64,493,20532340,0,0,801,41676,"",1.12,0.37,0.28,0.00,0.00,0.76,0.76,"",8,14.3,55,12.6,3202311,18.5,0,0.0,0,0.0,40,5.3,2125,5.4
"C2642","5","518","45","0","1999","A","","Houston-The Woodlands-Sugar Land, TX MSA","Private","Data processing, hosting and related services","MSA, NAICS 3-digit -- by ownership sector","All establishment sizes",312,6167,333712363,0,0,1041,54110,"",1.13,0.86,0.70,0.00,0.00,0.82,0.82,"",53,20.5,174,2.9,17130466,5.4,0,0.0,0,0.0,25,2.5,1283,2.4
"C2690","5","518","45","0","1999","A","","Indianapolis-Carmel-Anderson, IN MSA","Private","Data processing, hosting and related services","MSA, NAICS 3-digit -- by ownership sector","All establishment sizes",80,1482,60600089,0,0,786,40898,"",0.77,0.54,0.37,0.00,0.00,0.69,0.69,"",19,31.1,98,7.1,8949474,17.3,0,0.0,0,0.0,68,9.5,3574,9.6
"C2726","5","518","45","0","1999","A","","Jacksonville, FL MSA","Private","Data processing, hosting and related services","MSA, NAICS 3-digit -- by ownership sector","All establishment sizes",61,2954,241531233,0,0,1572,81760,"",0.87,1.72,2.64,0.00,0.00,1.54,1.54,"",4,7.0,-3,-0.1,128568070,113.8,0,0.0,0,0.0,837,113.9,43562,114.0
"C2750","5","518","45","0","1999","A","","Janesville-Beloit, WI MSA","Private","Data processing, hosting and related services","MSA, NAICS 3-digit -- by ownership sector","All establishment sizes",12,456,7330592,0,0,309,16091,"",1.38,2.01,0.60,0.00,0.00,0.30,0.30,"",1,9.1,15,3.4,398771,5.8,0,0.0,0,0.0,6,2.0,361,2.3
"C2786","5","518","45","0","1999","A","","Jonesboro, AR MSA","Private","Data processing, hosting and related services","MSA, NAICS 3-digit -- by ownership sector","All establishment sizes",4,21,618815,0,0,564,29351,"",0.52,0.14,0.10,0.00,0.00,0.69,0.69,"",-1,-20.0,-9,-30.0,-208563,-25.2,0,0.0,0,0.0,34,6.4,1772,6.4
"C2802","5","518","45","0","1999","A","","Kalamazoo-Portage, MI MSA","Private","Data processing, hosting and related services","MSA, NAICS 3-digit -- by ownership sector","All establishment sizes",10,36,1328896,0,0,715,37172,"",0.54,0.08,0.05,0.00,0.00,0.68,0.68,"",2,25.0,-117,-76.5,-5028297,-79.1,0,0.0,0,0.0,-85,-10.6,-4446,-10.7
"C2814","5","518","45","0","1999","A","","Kansas City, MO-KS MSA","Private","Data processing, hosting and related services","MSA, NAICS 3-digit -- by ownership sector","All establishment sizes",180,6624,295972789,0,0,859,44684,"",1.28,2.09,1.60,0.00,0.00,0.77,0.77,"",18,11.1,191,3.0,6567547,2.3,0,0.0,0,0.0,-6,-0.7,-305,-0.7
"C2866","5","518","45","0","1999","A","","Killeen-Temple, TX MSA","Private","Data processing, hosting and related services","MSA, NAICS 3-digit -- by ownership sector","All establishment sizes",8,65,1400682,0,0,416,21632,"",0.62,0.19,0.10,0.00,0.00,0.51,0.52,"",0,0.0,5,8.3,376487,36.8,0,0.0,0,0.0,90,27.6,4656,27.4
"C2918","5","518","45","0","1999","A","","Lafayette, LA MSA","Private","Data processing, hosting and related services","MSA, NAICS 3-digit -- by ownership sector","All establishment sizes",13,154,4797970,0,0,599,31173,"",0.63,0.37,0.24,0.00,0.00,0.64,0.64,"",-2,-13.3,-3,-1.9,-179419,-3.6,0,0.0,0,0.0,-10,-1.6,-480,-1.5
"C2934","5","518","45","0","1999","A","","Lake Charles, LA MSA","Private","Data processing, hosting and related services","MSA, NAICS 3-digit -- by ownership sector","All establishment sizes",7,22,793153,0,0,704,36607,"",0.55,0.07,0.05,0.00,0.00,0.74,0.74,"",0,0.0,0,0.0,-154073,-16.3,0,0.0,0,0.0,-143,-16.9,-7450,-16.9
"C2946","5","518","45","0","1999","A","","Lakeland-Winter Haven, FL MSA","Private","Data processing, hosting and related services","MSA, NAICS 3-digit -- by ownership sector","All establishment sizes",9,55,2063591,0,0,718,37350,"",0.36,0.09,0.07,0.00,0.00,0.78,0.78,"",0,0.0,6,12.2,491301,31.2,0,0.0,0,0.0,99,16.0,5153,16.0
"C2954","5","518","45","0","1999","A","","Lancaster, PA MSA","Private","Data processing, hosting and related services","MSA, NAICS 3-digit -- by ownership sector","All establishment sizes",13,164,10106485,0,0,1189,61813,"",0.47,0.23,0.27,0.00,0.00,1.19,1.18,"",3,30.0,44,36.7,2603434,34.7,0,0.0,0,0.0,-12,-1.0,-626,-1.0
"C2962","5","518","45","0","1999","A","","Lansing-East Lansing, MI MSA","Private","Data processing, hosting and related services","MSA, NAICS 3-digit -- by ownership sector","All establishment sizes",21,158,6064377,0,0,740,38504,"",0.79,0.22,0.15,0.00,0.00,0.67,0.67,"",3,16.7,20,14.5,2271099,59.9,0,0.0,0,0.0,213,40.4,11099,40.5
"C2974","5","518","45","0","1999","A","","Las Cruces, NM MSA","Private","Data processing, hosting and related services","MSA, NAICS 3-digit -- by ownership sector","All establishment sizes",7,107,2938860,0,0,528,27466,"",0.78,0.58,0.39,0.00,0.00,0.68,0.68,"",2,40.0,8,8.1,315555,12.0,0,0.0,0,0.0,20,3.9,1057,4.0
"C2982","5","518","45","0","1999","A","","Las Vegas-Henderson-Paradise, NV MSA","Private","Data processing, hosting and related services","MSA, NAICS 3-digit -- by ownership sector","All establishment sizes",95,537,22078555,0,0,791,41108,"",1.31,0.24,0.18,0.00,0.00,0.75,0.75,"",8,9.2,57,11.9,6382024,40.7,0,0.0,0,0.0,163,26.0,8435,25.8
"C2994","5","518","45","0","1999","A","","Lawrence, KS MSA","Private","Data processing, hosting and related services","MSA, NAICS 3-digit -- by ownership sector","All establishment sizes",9,70,2395453,0,0,660,34343,"",1.23,0.46,0.38,0.00,0.00,0.82,0.82,"",2,28.6,27,62.8,1364291,132.3,0,0.0,0,0.0,193,41.3,10080,41.5
"C3034","5","518","45","0","1999","A","","Lewiston-Auburn, ME MSA","Private","Data processing, hosting and related services","MSA, NAICS 3-digit -- by ownership sector","All establishment sizes",4,160,4782569,0,0,575,29875,"",0.54,1.04,0.69,0.00,0.00,0.67,0.67,"",0,0.0,19,13.5,808108,20.3,0,0.0,0,0.0,33,6.1,1687,6.0
"C3046","5","518","45","0","1999","A","","Lexington-Fayette, KY MSA","Private","Data processing, hosting and related services","MSA, NAICS 3-digit -- by ownership sector","All establishment sizes",25,716,21155510,0,0,569,29564,"",0.78,0.91,0.51,0.00,0.00,0.56,0.56,"",2,8.7,382,114.4,12666828,149.2,0,0.0,0,0.0,80,16.4,4149,16.3
"C3070","5","518","45","0","1999","A","","Lincoln, NE MSA","Private","Data processing, hosting and related services","MSA, NAICS 3-digit -- by ownership sector","All establishment sizes",18,869,22593426,0,0,500,25997,"",0.99,1.73,0.94,0.00,0.00,0.54,0.54,"",0,0.0,71,8.9,3846228,20.5,0,0.0,0,0.0,48,10.6,2517,10.7
"C3078","5","518","45","0","1999","A","","Little Rock-North Little Rock-Conway, AR MSA","Private","Data processing, hosting and related services","MSA, NAICS 3-digit -- by ownership sector","All establishment sizes",35,824,40236899,0,0,939,48836,"",0.77,0.80,0.77,0.00,0.00,0.97,0.97,"",5,16.7,121,17.2,9504912,30.9,0,0.0,0,0.0,99,11.8,5141,11.8
"C3086","5","518","45","0","1999","A","","Logan, UT-ID MSA","Private","Data processing, hosting and related services","MSA, NAICS 3-digit -- by ownership sector","All establishment sizes",7,50,669677,0,0,260,13529,"",1.01,0.37,0.13,0.00,0.00,0.35,0.35,"",-1,-12.5,-7,-12.3,-500423,-42.8,0,0.0,0,0.0,-132,-33.7,-6850,-33.6
"C3110","5","518","45","0","1999","A","","Los Angeles-Long Beach-Santa Ana, CA MSA","Private","Data processing, hosting and related services","MSA, NAICS 3-digit -- by ownership sector","All establishment sizes",1055,18869,963108820,0,0,982,51041,"",1.03,1.04,0.80,0.00,0.00,0.77,0.77,"",167,18.8,3666,24.1,281062040,41.2,0,0.0,0,0.0,119,13.8,6178,13.8
"C3114","5","518","45","0","1999","A","","Louisville-Jefferson County, KY-IN MSA","Private","Data processing, hosting and related services","MSA, NAICS 3-digit -- by ownership sector","All establishment sizes",73,3758,125126273,0,0,640,33294,"",0.89,1.93,1.20,0.00,0.00,0.62,0.62,"",13,21.7,-652,-14.8,-8164642,-6.1,0,0.0,0,0.0,59,10.2,3071,10.2
"C3134","5","518","45","0","1999","A","","Lynchburg, VA MSA","Private","Data processing, hosting and related services","MSA, NAICS 3-digit -- by ownership sector","All establishment sizes",8,281,7464224,0,0,510,26532,"",0.53,0.83,0.47,0.00,0.00,0.56,0.56,"",2,33.3,26,10.2,1939510,35.1,0,0.0,0,0.0,93,22.3,4866,22.5
"C3170","5","518","45","0","1999","A","","Manchester-Nashua, NH MSA","Private","Data processing, hosting and related services","MSA, NAICS 3-digit -- by ownership sector","All establishment sizes",43,548,29234354,0,0,1025,53307,"",1.35,0.87,0.73,0.00,0.00,0.84,0.84,"",3,7.5,33,6.4,-110559,-0.4,0,0.0,0,0.0,-70,-6.4,-3646,-6.4
"C3310","5","518","45","0","1999","A","","Miami-Fort Lauderdale-West Palm Beach, FL MSA","Private","Data processing, hosting and related services","MSA, NAICS 3-digit -- by ownership sector","All establishment sizes",446,5673,282976406,0,0,959,49883,"",1.10,0.83,0.73,0.00,0.00,0.88,0.88,"",85,23.5,688,13.8,64800892,29.7,0,0.0,0,0.0,117,13.9,6113,14.0
"C3326","5","518","45","0","1999","A","","Midland, TX MSA","Private","Data processing, hosting and related services","MSA, NAICS 3-digit -- by ownership sector","All establishment sizes",9,61,1930182,0,0,604,31428,"",0.87,0.36,0.22,0.00,0.00,0.60,0.60,"",2,28.6,28,84.8,838319,76.8,0,0.0,0,0.0,-37,-5.8,-1911,-5.7
"C3334","5","518","45","0","1999","A","","Milwaukee-Waukesha-West Allis, WI MSA","Private","Data processing, hosting and related services","MSA, NAICS 3-digit -- by ownership sector","All establishment sizes",100,6429,314723267,0,0,941,48955,"",0.94,2.31,1.91,0.00,0.00,0.83,0.83,"",9,9.9,962,17.6,42983083,15.8,0,0.0,0,0.0,-15,-1.6,-754,-1.5
"C3346","5","518","45","0","1999","A","","Minneapolis-St. Paul-Bloomington, MN-WI MSA","Private","Data processing, hosting and related services","MSA, NAICS 3-digit -- by ownership sector","All establishment sizes",191,10089,456563108,0,0,870,45255,"",0.84,1.81,1.25,0.00,0.00,0.69,0.69,"",21,12.4,679,7.2,64052158,16.3,0,0.0,0,0.0,68,8.5,3544,8.5
"C3354","5","518","45","0","1999","A","","Missoula, MT MSA","Private","Data processing, hosting and related services","MSA, NAICS 3-digit -- by ownership sector","All establishment sizes",7,151,3615359,0,0,462,24009,"",0.71,0.96,0.53,0.00,0.00,0.56,0.56,"",0,0.0,51,51.0,1482756,69.5,0,0.0,0,0.0,53,13.0,2754,13.0
"C3366","5","518","45","0","1999","A","","Mobile, AL MSA","Private","Data processing, hosting and related services","MSA, NAICS 3-digit -- by ownership sector","All establishment sizes",15,289,7397477,0,0,493,25619,"",0.58,0.51,0.26,0.00,0.00,0.52,0.52,"",1,7.1,-90,-23.7,-2100053,-22.1,0,0.0,0,0.0,10,2.1,526,2.1
"C3370","5","518","45","0","1999","A","","Modesto, CA MSA","Private","Data processing, hosting and related services","MSA, NAICS 3-digit -- by ownership sector","All establishment sizes",12,76,2441000,0,0,622,32331,"",0.38,0.14,0.10,0.00,0.00,0.68,0.68,"",3,33.3,17,28.8,653989,36.6,0,0.0,0,0.0,37,6.3,1914,6.3
"C3374","5","518","45","0","1999","A","","Monroe, LA MSA","Private","Data processing, hosting and related services","MSA, NAICS 3-digit -- by ownership sector","All establishment sizes",8,139,3608094,0,0,500,26004,"",0.65,0.55,0.33,0.00,0.00,0.59,0.59,"",1,14.3,22,18.8,542506,17.7,0,0.0,0,0.0,-6,-1.2,-310,-1.2
"C3386","5","518","45","0","1999","A","","Montgomery, AL MSA","Private","Data processing, hosting and related services","MSA, NAICS 3-digit -- by ownership sector","All establishment sizes",17,166,4365668,0,0,505,26273,"",0.75,0.31,0.17,0.00,0.00,0.54,0.54,"",1,6.2,-40,-19.4,-355334,-7.5,0,0.0,0,0.0,65,14.8,3374,14.7
"C3406","5","518","45","0","1999","A","","Morgantown, WV MSA","Private","Data processing, hosting and related services","MSA, NAICS 3-digit -- by ownership sector","All establishment sizes",7,47,1408443,0,0,578,30074,"",1.00,0.31,0.20,0.00,0.00,0.66,0.66,"",1,16.7,-48,-50.5,-866409,-38.1,0,0.0,0,0.0,118,25.7,6128,25.6
"C3490","5","518","45","0","1999","A","","Napa, CA MSA","Private","Data processing, hosting and related services","MSA, NAICS 3-digit -- by ownership sector","All establishment sizes",8,50,3397764,0,0,1313,68297,"",0.67,0.25,0.32,0.00,0.00,1.26,1.26,"",2,33.3,15,42.9,2640195,348.5,0,0.0,0,0.0,895,214.1,46549,214.0
"C3494","5","518","45","0","1999","A","","Naples-Immokalee-Marco Island, FL MSA","Private","Data processing, hosting and related services","MSA, NAICS 3-digit -- by ownership sector","All establishment sizes",10,18,1051042,0,0,1098,57070,"",0.44,0.06,0.07,0.00,0.00,1.17,1.17,"",0,0.0,0,0.0,175057,20.0,0,0.0,0,0.0,158,16.8,8178,16.7
"C3498","5","518","45","0","1999","A","","Nashville-Davidson--Murfreesboro--Franklin, TN MSA","Private","Data processing, hosting and related services","MSA, NAICS 3-digit -- by ownership sector","All establishment sizes",72,1570,80985015,0,0,992,51575,"",0.89,0.70,0.64,0.00,0.00,0.92,0.92,"",17,30.9,51,3.4,9853345,13.9,0,0.0,0,0.0,92,10.2,4755,10.2
"C3530","5","518","45","0","1999","A","","New Haven-Milford, CT MSA","Private","Data processing, hosting and related services","MSA, NAICS 3-digit -- by ownership sector","All establishment sizes",37,1171,47921410,0,0,787,40909,"",0.64,0.96,0.61,0.00,0.00,0.63,0.63,"",3,8.8,88,8.1,11372600,31.1,0,0.0,0,0.0,138,21.3,7161,21.2
"C3538","5","518","45","0","1999","A","","New Orleans-Metairie, LA MSA","Private","Data processing, hosting and related services","MSA, NAICS 3-digit -- by ownership sector","All establishment sizes",103,1350,59477982,0,0,848,44071,"",1.07,0.68,0.58,0.00,0.00,0.85,0.85,"",14,15.7,162,13.6,14208396,31.4,0,0.0,0,0.0,115,15.7,5957,15.6
"C3562","5","518","45","0","1999","A","","New York-Newark-Jersey City, NY-NJ-PA MSA","Private","Data processing, hosting and related services","MSA, NAICS 3-digit -- by ownership sector","All establishment sizes",1990,31321,1957196710,0,0,1202,62488,"",1.43,1.19,0.89,0.00,0.00,0.75,0.75,"",168,9.2,1102,3.6,165173650,9.2,0,0.0,0,0.0,62,5.4,3186,5.4
"C3642","5","518","45","0","1999","A","","Oklahoma City, OK MSA","Private","Data processing, hosting and related services","MSA, NAICS 3-digit -- by ownership sector","All establishment sizes",73,1978,63262603,0,0,615,31984,"",0.98,1.15,0.77,0.00,0.00,0.68,0.68,"",6,9.0,-103,-4.9,9464888,17.6,0,0.0,0,0.0,118,23.7,6127,23.7
"C3650","5","518","45","0","1999","A","","Olympia-Tumwater, WA MSA","Private","Data processing, hosting and related services","MSA, NAICS 3-digit -- by ownership sector","All establishment sizes",9,55,2077324,0,0,723,37599,"",0.56,0.20,0.14,0.00,0.00,0.71,0.71,"",2,28.6,4,7.8,38688,1.9,0,0.0,0,0.0,-39,-5.1,-2050,-5.2
"C3654","5","518","45","0","1999","A","","Omaha-Council Bluffs, NE-IA MSA","Private","Data processing, hosting and related services","MSA, NAICS 3-digit -- by ownership sector","All establishment sizes",65,11373,561506785,0,0,949,49374,"",1.21,8.17,7.63,0.00,0.00,0.93,0.93,"",8,14.0,534,4.9,140944623,33.5,0,0.0,0,0.0,203,27.2,10573,27.2
"C3678","5","518","45","0","1999","A","","Oshkosh-Neenah, WI MSA","Private","Data processing, hosting and related services","MSA, NAICS 3-digit -- by ownership sector","All establishment sizes",6,38,1187104,0,0,597,31035,"",0.63,0.13,0.07,0.00,0.00,0.53,0.53,"",0,0.0,8,26.7,224075,23.3,0,0.0,0,0.0,-26,-4.2,-1336,-4.1
"C3710","5","518","45","0","1999","A","","Oxnard-Thousand Oaks-Ventura, CA MSA","Private","Data processing, hosting and related services","MSA, NAICS 3-digit -- by ownership sector","All establishment sizes",58,595,29468636,0,0,952,49492,"",1.13,0.64,0.53,0.00,0.00,0.82,0.82,"",10,20.8,237,66.2,16123555,120.8,0,0.0,0,0.0,234,32.6,12163,32.6
"C3734","5","518","45","0","1999","A","","Palm Bay-Melbourne-Titusville, FL MSA","Private","Data processing, hosting and related services","MSA, NAICS 3-digit -- by ownership sector","All establishment sizes",25,180,7369423,0,0,786,40866,"",0.91,0.31,0.24,0.00,0.00,0.76,0.77,"",4,19.0,14,8.4,1057669,16.8,0,0.0,0,0.0,56,7.7,2920,7.7
"C3830","5","518","45","0","1999","A","","Pittsburgh, PA MSA","Private","Data processing, hosting and related services","MSA, NAICS 3-digit -- by ownership sector","All establishment sizes",143,2884,130160840,0,0,868,45127,"",0.93,0.79,0.62,0.00,0.00,0.78,0.78,"",17,13.5,141,5.1,7835908,6.4,0,0.0,0,0.0,10,1.2,533,1.2
"C3834","5","518","45","0","1999","A","","Pittsfield, MA MSA","Private","Data processing, hosting and related services","MSA, NAICS 3-digit -- by ownership sector","All establishment sizes",6,125,18467190,0,0,2841,147738,"",0.52,0.61,1.72,0.00,0.00,2.81,2.81,"",1,20.0,44,54.3,15389535,500.0,0,0.0,0,0.0,2110,288.6,109703,288.4
"C3890","5","518","45","0","1999","A","","Portland-Vancouver-Hillsboro, OR-WA MSA","Private","Data processing, hosting and related services","MSA, NAICS 3-digit -- by ownership sector","All establishment sizes",144,2768,141524346,0,0,983,51138,"",0.90,0.88,0.74,0.00,0.00,0.84,0.84,"",8,5.9,239,9.5,29243208,26.0,0,0.0,0,0.0,129,15.1,6738,15.2
"C3910","5","518","45","0","1999","A","","Poughkeepsie-Newburgh-Middletown, NY MSA","Private","Data processing, hosting and related services","MSA, NAICS 3-digit -- by ownership sector","All establishment sizes",41,2356,108506029,0,0,886,46063,"",1.03,3.13,2.58,0.00,0.00,0.83,0.83,"",3,7.9,40,1.7,5024906,4.9,0,0.0,0,0.0,27,3.1,1379,3.1
"C3914","5","518","45","0","1999","A","","Prescott, AZ MSA","Private","Data processing, hosting and related services","MSA, NAICS 3-digit -- by ownership sector","All establishment sizes",5,13,414358,0,0,605,31470,"",0.45,0.08,0.07,0.00,0.00,0.79,0.79,"",1,25.0,5,62.5,173469,72.0,0,0.0,0,0.0,43,7.7,2271,7.8
"C3930","5","518","45","0","1999","A","","Providence-Warwick, RI-MA MSA","Private","Data processing, hosting and related services","MSA, NAICS 3-digit -- by ownership sector","All establishment sizes",65,2414,145265978,0,0,1157,60189,"",0.56,1.08,1.20,0.00,0.00,1.11,1.11,"",2,3.2,-4,-0.2,17539654,13.7,0,0.0,0,0.0,141,13.9,7357,13.9
"C3934","5","518","45","0","1999","A","","Provo-Orem, UT MSA","Private","Data processing, hosting and related services","MSA, NAICS 3-digit -- by ownership sector","All establishment sizes",56,1447,53742937,0,0,714,37132,"",2.44,3.12,2.48,0.00,0.00,0.80,0.80,"",15,36.6,590,68.8,24162805,81.7,0,0.0,0,0.0,50,7.5,2613,7.6
"C3958","5","518","45","0","1999","A","","Raleigh, NC MSA","Private","Data processing, hosting and related services","MSA, NAICS 3-digit -- by ownership sector","All establishment sizes",78,920,44616872,0,0,933,48519,"",1.24,0.67,0.57,0.00,0.00,0.85,0.85,"",12,18.2,52,6.0,14072747,46.1,0,0.0,0,0.0,256,37.8,13340,37.9
"C3974","5","518","45","0","1999","A","","Reading, PA MSA","Private","Data processing, hosting and related services","MSA, NAICS 3-digit -- by ownership sector","All establishment sizes",20,361,9104841,0,0,486,25256,"",0.95,0.65,0.30,0.00,0.00,0.46,0.46,"",5,33.3,-10,-2.7,-857432,-8.6,0,0.0,0,0.0,-30,-5.8,-1578,-5.9
"C3990","5","518","45","0","1999","A","","Reno, NV MSA","Private","Data processing, hosting and related services","MSA, NAICS 3-digit -- by ownership sector","All establishment sizes",33,225,8727101,0,0,747,38830,"",1.18,0.36,0.25,0.00,0.00,0.70,0.70,"",6,22.2,-123,-35.3,-1693445,-16.3,0,0.0,0,0.0,170,29.5,8850,29.5
"C4006","5","518","45","0","1999","A","","Richmond, VA MSA","Private","Data processing, hosting and related services","MSA, NAICS 3-digit -- by ownership sector","All establishment sizes",79,1968,82122542,0,0,802,41724,"",1.04,1.05,0.76,0.00,0.00,0.72,0.72,"",13,19.7,332,20.3,15157133,22.6,0,0.0,0,0.0,15,1.9,796,1.9
"C4038","5","518","45","0","1999","A","","Rochester, NY MSA","Private","Data processing, hosting and related services","MSA, NAICS 3-digit -- by ownership sector","All establishment sizes",70,1505,56907684,0,0,727,37806,"",1.14,0.89,0.58,0.00,0.00,0.65,0.65,"",6,9.4,124,9.0,11243215,24.6,0,0.0,0,0.0,91,14.3,4728,14.3
"C4042","5","518","45","0","1999","A","","Rockford, IL MSA","Private","Data processing, hosting and related services","MSA, NAICS 3-digit -- by ownership sector","All establishment sizes",10,198,5922067,0,0,575,29884,"",0.52,0.38,0.20,0.00,0.00,0.53,0.53,"",2,25.0,17,9.4,727164,14.0,0,0.0,0,0.0,22,4.0,1143,4.0
"C4106","5","518","45","0","1999","A","","St. Cloud, MN MSA","Private","Data processing, hosting and related services","MSA, NAICS 3-digit -- by ownership sector","All establishment sizes",7,193,4196879,0,0,419,21764,"",0.58,0.66,0.31,0.00,0.00,0.47,0.47,"",0,0.0,-32,-14.2,-176121,-4.0,0,0.0,0,0.0,45,12.0,2300,11.8
"C4118","5","518","45","0","1999","A","","St. Louis, MO-IL MSA","Private","Data processing, hosting and related services","MSA, NAICS 3-digit -- by ownership sector","All establishment sizes",164,3708,174531226,0,0,905,47069,"",0.88,0.82,0.68,0.00,0.00,0.83,0.83,"",25,18.0,-104,-2.7,1520909,0.9,0,0.0,0,0.0,32,3.7,1683,3.7
"C4142","5","518","45","0","1999","A","","Salem, OR MSA","Private","Data processing, hosting and related services","MSA, NAICS 3-digit -- by ownership sector","All establishment sizes",18,61,2318508,0,0,736,38270,"",0.76,0.13,0.10,0.00,0.00,0.80,0.80,"",2,12.5,17,38.6,834633,56.2,0,0.0,0,0.0,80,12.2,4158,12.2
"C4150","5","518","45","0","1999","A","","Salinas, CA MSA","Private","Data processing, hosting and related services","MSA, NAICS 3-digit -- by ownership sector","All establishment sizes",16,54,1714974,0,0,614,31906,"",0.54,0.10,0.06,0.00,0.00,0.63,0.63,"",1,6.7,2,3.8,699683,68.9,0,0.0,0,0.0,238,63.3,12350,63.2
"C4162","5","518","45","0","1999","A","","Salt Lake City, UT MSA","Private","Data processing, hosting and related services","MSA, NAICS 3-digit -- by ownership sector","All establishment sizes",147,4508,126324936,0,0,539,28020,"",1.72,2.48,1.29,0.00,0.00,0.52,0.52,"",20,15.7,-11,-0.2,13815513,12.3,0,0.0,0,0.0,60,12.5,3121,12.5
"C4170","5","518","45","0","1999","A","","San Antonio-New Braunfels, TX MSA","Private","Data processing, hosting and related services","MSA, NAICS 3-digit -- by ownership sector","All establishment sizes",66,3291,73857748,0,0,432,22441,"",0.74,1.37,0.62,0.00,0.00,0.45,0.45,"",7,11.9,386,13.3,-19389950,-20.8,0,0.0,0,0.0,-185,-30.0,-9656,-30.1
"C4174","5","518","45","0","1999","A","","San Diego-Carlsbad, CA MSA","Private","Data processing, hosting and related services","MSA, NAICS 3-digit -- by ownership sector","All establishment sizes",253,2842,150009083,0,0,1015,52784,"",1.26,0.73,0.63,0.00,0.00,0.86,0.86,"",44,21.1,210,8.0,25007160,20.0,0,0.0,0,0.0,102,11.2,5285,11.1
"C4186","5","518","45","0","1999","A","","San Francisco-Oakland-Hayward, CA MSA","Private","Data processing, hosting and related services","MSA, NAICS 3-digit -- by ownership sector","All establishment sizes",644,12929,1087172844,0,0,1617,84087,"",1.64,1.87,1.94,0.00,0.00,1.04,1.04,"",185,40.3,5027,63.6,564390424,108.0,0,0.0,0,0.0,345,27.1,17927,27.1
"C4198","5","518","45","0","1999","A","","San Juan-Carolina-Caguas, PR MSA","Private","Data processing, hosting and related services","MSA, NAICS 3-digit -- by ownership sector","All establishment sizes",58,1220,42225940,0,0,666,34609,"",0.62,0.49,0.50,0.00,0.00,1.01,1.01,"",5,9.4,84,7.4,9894337,30.6,0,0.0,0,0.0,119,21.8,6152,21.6
"C4206","5","518","45","0","1999","A","","Santa Barbara-Santa Maria-Goleta, CA MSA","Private","Data processing, hosting and related services","MSA, NAICS 3-digit -- by ownership sector","All establishment sizes",25,645,37537037,0,0,1120,58242,"",0.74,1.12,1.22,0.00,0.00,1.09,1.09,"",1,4.2,-50,-7.2,199051,0.5,0,0.0,0,0.0,87,8.4,4550,8.5
"C4210","5","518","45","0","1999","A","","Santa Cruz-Watsonville, CA MSA","Private","Data processing, hosting and related services","MSA, NAICS 3-digit -- by ownership sector","All establishment sizes",31,280,20247121,0,0,1390,72290,"",1.45,0.84,1.10,0.00,0.00,1.31,1.31,"",7,29.2,92,48.9,8601523,73.9,0,0.0,0,0.0,201,16.9,10455,16.9
"C4222","5","518","45","0","1999","A","","Santa Rosa, CA MSA","Private","Data processing, hosting and related services","MSA, NAICS 3-digit -- by ownership sector","All establishment sizes",26,271,23584903,0,0,1674,87056,"",0.61,0.44,0.67,0.00,0.00,1.53,1.53,"",3,13.0,54,24.9,12675940,116.2,0,0.0,0,0.0,707,73.1,36784,73.2
"C4226","5","518","45","0","1999","A","","Sarasota-Bradenton-Venice, FL MSA","Private","Data processing, hosting and related services","MSA, NAICS 3-digit -- by ownership sector","All establishment sizes",44,162,5296879,0,0,631,32798,"",0.97,0.19,0.14,0.00,0.00,0.73,0.73,"",8,22.2,36,28.6,1759983,49.8,0,0.0,0,0.0,92,17.1,4746,16.9
"C4234","5","518","45","0","1999","A","","Savannah, GA MSA","Private","Data processing, hosting and related services","MSA, NAICS 3-digit -- by ownership sector","All establishment sizes",14,111,4303421,0,0,749,38945,"",0.72,0.25,0.19,0.00,0.00,0.77,0.77,"",0,0.0,1,0.9,451090,11.7,0,0.0,0,0.0,72,10.6,3764,10.7
"C4266","5","518","45","0","1999","A","","Seattle-Tacoma-Bellevue, WA MSA","Private","Data processing, hosting and related services","MSA, NAICS 3-digit -- by ownership sector","All establishment sizes",287,3037,167721167,0,0,1062,55218,"",0.97,0.58,0.43,0.00,0.00,0.74,0.74,"",100,53.5,950,45.5,79182760,89.4,0,0.0,0,0.0,246,30.1,12803,30.2
"C4334","5","518","45","0","1999","A","","Shreveport-Bossier City, LA MSA","Private","Data processing, hosting and related services","MSA, NAICS 3-digit -- by ownership sector","All establishment sizes",25,222,7075550,0,0,614,31908,"",0.98,0.41,0.28,0.00,0.00,0.68,0.68,"",-2,-7.4,-14,-5.9,224844,3.3,0,0.0,0,0.0,56,10.0,2910,10.0
"C4406","5","518","45","0","1999","A","","Spokane-Spokane Valley, WA MSA","Private","Data processing, hosting and related services","MSA, NAICS 3-digit -- by ownership sector","All establishment sizes",21,71,1566625,0,0,427,22195,"",0.57,0.12,0.05,0.00,0.00,0.45,0.45,"",2,10.5,-61,-46.2,-1491962,-48.8,0,0.0,0,0.0,-17,-3.8,-918,-4.0
"C4410","5","518","45","0","1999","A","","Springfield, IL MSA","Private","Data processing, hosting and related services","MSA, NAICS 3-digit -- by ownership sector","All establishment sizes",13,338,9281653,0,0,529,27488,"",0.92,0.66,0.30,0.00,0.00,0.46,0.46,"",0,0.0,8,2.4,-43356,-0.5,0,0.0,0,0.0,-14,-2.6,-770,-2.7
"C4418","5","518","45","0","1999","A","","Springfield, MO MSA","Private","Data processing, hosting and related services","MSA, NAICS 3-digit -- by ownership sector","All establishment sizes",18,621,13798980,0,0,427,22224,"",0.67,1.11,0.55,0.00,0.00,0.50,0.50,"",4,28.6,7,1.1,399505,3.0,0,0.0,0,0.0,7,1.7,398,1.8
"C4430","5","518","45","0","1999","A","","State College, PA MSA","Private","Data processing, hosting and related services","MSA, NAICS 3-digit -- by ownership sector","All establishment sizes",5,48,665429,0,0,268,13911,"",0.65,0.23,0.07,0.00,0.00,0.28,0.28,"",1,25.0,26,118.2,-19770,-2.9,0,0.0,0,0.0,-336,-55.6,-17472,-55.7
"C4470","5","518","45","0","1999","A","","Stockton-Lodi, CA MSA","Private","Data processing, hosting and related services","MSA, NAICS 3-digit -- by ownership sector","All establishment sizes",15,357,6699978,0,0,361,18785,"",0.43,0.55,0.21,0.00,0.00,0.38,0.38,"",3,25.0,47,15.2,1111288,19.9,0,0.0,0,0.0,14,4.0,752,4.2
"C4522","5","518","45","0","1999","A","","Tallahassee, FL MSA","Private","Data processing, hosting and related services","MSA, NAICS 3-digit -- by ownership sector","All establishment sizes",35,1089,41160279,0,0,727,37811,"",1.55,2.03,1.57,0.00,0.00,0.77,0.77,"",8,29.6,405,59.2,18194322,79.2,0,0.0,0,0.0,81,12.5,4219,12.6
"C4578","5","518","45","0","1999","A","","Toledo, OH MSA","Private","Data processing, hosting and related services","MSA, NAICS 3-digit -- by ownership sector","All establishment sizes",27,423,10681703,0,0,486,25277,"",0.65,0.38,0.18,0.00,0.00,0.46,0.46,"",1,3.8,11,2.7,806209,8.2,0,0.0,0,0.0,25,5.4,1307,5.5
"C4594","5","518","45","0","1999","A","","Trenton, NJ MSA","Private","Data processing, hosting and related services","MSA, NAICS 3-digit -- by ownership sector","All establishment sizes",44,800,49569913,0,0,1192,61962,"",1.65,1.17,0.97,0.00,0.00,0.83,0.82,"",4,10.0,135,20.3,6698474,15.6,0,0.0,0,0.0,-49,-3.9,-2555,-4.0
"C4606","5","518","45","0","1999","A","","Tucson, AZ MSA","Private","Data processing, hosting and related services","MSA, NAICS 3-digit -- by ownership sector","All establishment sizes",37,1164,149854626,0,0,2475,128713,"",0.85,1.10,2.83,0.00,0.00,2.58,2.58,"",4,12.1,-55,-4.5,68951898,85.2,0,0.0,0,0.0,1199,94.0,62345,93.9
"C4614","5","518","45","0","1999","A","","Tulsa, OK MSA","Private","Data processing, hosting and related services","MSA, NAICS 3-digit -- by ownership sector","All establishment sizes",46,1105,43792307,0,0,762,39637,"",0.79,0.84,0.65,0.00,0.00,0.77,0.77,"",6,15.0,508,85.1,23132055,112.0,0,0.0,0,0.0,96,14.4,5030,14.5
"C4622","5","518","45","0","1999","A","","Tuscaloosa, AL MSA","Private","Data processing, hosting and related services","MSA, NAICS 3-digit -- by ownership sector","All establishment sizes",5,34,998262,0,0,562,29217,"",0.43,0.12,0.07,0.00,0.00,0.59,0.59,"",1,25.0,12,54.5,258174,34.9,0,0.0,0,0.0,-80,-12.5,-4170,-12.5
"C4694","5","518","45","0","1999","A","","Vero Beach, FL MSA","Private","Data processing, hosting and related services","MSA, NAICS 3-digit -- by ownership sector","All establishment sizes",7,28,742512,0,0,519,27000,"",0.77,0.20,0.12,0.00,0.00,0.58,0.58,"",0,0.0,10,55.6,307226,70.6,0,0.0,0,0.0,56,12.1,2929,12.2
"C4726","5","518","45","0","1999","A","","Virginia Beach-Norfolk-Newport News, VA-NC MSA","Private","Data processing, hosting and related services","MSA, NAICS 3-digit -- by ownership sector","All establishment sizes",67,1164,37626791,0,0,622,32323,"",0.77,0.51,0.34,0.00,0.00,0.67,0.67,"",-10,-13.0,10,0.9,-4463961,-10.6,0,0.0,0,0.0,-79,-11.3,-4140,-11.4
"C4738","5","518","45","0","1999","A","","Waco, TX MSA","Private","Data processing, hosting and related services","MSA, NAICS 3-digit -- by ownership sector","All establishment sizes",9,215,4455750,0,0,398,20700,"",0.75,0.66,0.29,0.00,0.00,0.44,0.44,"",1,12.5,136,172.2,1565672,54.2,0,0.0,0,0.0,-305,-43.4,-15845,-43.4
"C4790","5","518","45","0","1999","A","","Washington-Arlington-Alexandria, DC-VA-MD-WV MSA","Private","Data processing, hosting and related services","MSA, NAICS 3-digit -- by ownership sector","All establishment sizes",738,21501,2572998831,0,0,2301,119666,"",2.04,2.55,4.02,0.00,0.00,1.57,1.57,"",112,17.9,2231,11.6,439387761,20.6,0,0.0,0,0.0,172,8.1,8943,8.1
"C4862","5","518","45","0","1999","A","","Wichita, KS MSA","Private","Data processing, hosting and related services","MSA, NAICS 3-digit -- by ownership sector","All establishment sizes",28,825,19276768,0,0,449,23368,"",0.75,0.86,0.37,0.00,0.00,0.43,0.43,"",4,16.7,292,54.8,7870377,69.0,0,0.0,0,0.0,38,9.2,1984,9.3
"C4870","5","518","45","0","1999","A","","Williamsport, PA MSA","Private","Data processing, hosting and related services","MSA, NAICS 3-digit -- by ownership sector","All establishment sizes",5,38,1127141,0,0,578,30057,"",0.67,0.22,0.14,0.00,0.00,0.65,0.65,"",0,0.0,5,15.2,-191886,-14.5,0,0.0,0,0.0,-202,-25.9,-10528,-25.9
"C4918","5","518","45","0","1999","A","","Winston-Salem, NC MSA","Private","Data processing, hosting and related services","MSA, NAICS 3-digit -- by ownership sector","All establishment sizes",23,135,4718900,0,0,670,34847,"",0.86,0.20,0.13,0.00,0.00,0.64,0.64,"",3,15.0,-128,-48.7,-2516746,-34.8,0,0.0,0,0.0,140,26.4,7291,26.5
"C4934","5","518","45","0","1999","A","","Worcester, MA-CT MSA","Private","Data processing, hosting and related services","MSA, NAICS 3-digit -- by ownership sector","All establishment sizes",25,230,11078880,0,0,927,48187,"",0.53,0.22,0.18,0.00,0.00,0.80,0.80,"",1,4.2,-65,-22.0,-108815,-1.0,0,0.0,0,0.0,197,27.0,10252,27.0
"C4962","5","518","45","0","1999","A","","York-Hanover, PA MSA","Private","Data processing, hosting and related services","MSA, NAICS 3-digit -- by ownership sector","All establishment sizes",25,803,29582759,0,0,708,36821,"",1.22,1.46,1.02,0.00,0.00,0.70,0.70,"",4,19.0,370,85.5,12744161,75.7,0,0.0,0,0.0,-40,-5.3,-2090,-5.4
"C4966","5","518","45","0","1999","A","","Youngstown-Warren-Boardman, OH-PA MSA","Private","Data processing, hosting and related services","MSA, NAICS 3-digit -- by ownership sector","All establishment sizes",29,434,20225943,0,0,897,46657,"",0.78,0.51,0.48,0.00,0.00,0.94,0.94,"",4,16.0,-17,-3.8,580492,3.0,0,0.0,0,0.0,59,7.0,3089,7.1
"US000","2","518","15","0","1999","A","","U.S. TOTAL","State Government","Data processing, hosting and related services","National, NAICS 3-digit -- by ownership sector","All establishment sizes",29,1794,79221402,0,0,849,44161,"",1.00,1.00,1.00,0.00,0.00,1.00,1.00,"",-2,-6.5,58,3.3,4912061,6.6,0,0.0,0,0.0,26,3.2,1354,3.2
"US000","3","518","15","0","1999","A","","U.S. TOTAL","Local Government","Data processing, hosting and related services","National, NAICS 3-digit -- by ownership sector","All establishment sizes",75,2140,94648824,0,0,850,44220,"",1.00,1.00,1.00,0.00,0.00,1.00,1.00,"",-4,-5.1,432,25.3,25244755,36.4,0,0.0,0,0.0,68,8.7,3575,8.8
"US000","5","518","15","0","1999","A","","U.S. TOTAL","Private","Data processing, hosting and related services","National, NAICS 3-digit -- by ownership sector","All establishment sizes",20461,425099,25180335834,0,0,1139,59234,"",1.00,1.00,1.00,0.00,0.00,1.00,1.00,"",3179,18.4,35684,9.2,5499079896,27.9,0,0.0,0,0.0,167,17.2,8693,17.2
